	ALL_19769_B.cell	ALL_19769_B.cell_2	ALL_28373_B.cell	ALL_28373_B.cell_2	ALL_9692_B.cell	ALL_9692_B.cell_2	ALL_17281_B.cell	ALL_17281_B.cell_2	ALL_20414_B.cell	ALL_20414_B.cell_2	ALL_549_B.cell	ALL_549_B.cell_2	ALL_20185_B.cell	ALL_20185_B.cell_2	ALL_18239_B.cell	ALL_18239_B.cell_2	ALL_7092_B.cell	ALL_7092_B.cell_2	ALL_R23_B.cell	ALL_R23_B.cell_2	ALL_19881_T.cell	ALL_19881_T.cell_2	ALL_9723_T.cell	ALL_9723_T.cell_2	ALL_14402_T.cell	ALL_14402_T.cell_2	ALL_22474_T.cell	ALL_22474_T.cell_2	AML_13	AML_13_2	AML_16	AML_16_2	AML_1	AML_1_2	AML_3	AML_3_2	AML_6	AML_6_2
ALL_19769_B.cell	96104.48289752149	65818.6453492548	63818.98858505974	60088.16531784658	66301.88785950509	55754.80815285967	64491.010089239266	65422.75636526781	60821.827059277115	47343.63255628975	60995.25828346885	60857.92194471363	48827.38863402006	45945.240987380945	59345.185012496535	59783.323017914125	58147.83185979162	68163.89151151106	59221.522807528716	41188.568819724336	29648.889754430813	34087.41619810399	26328.416700006463	37968.24775970061	41392.954240391104	42108.38358470076	39494.36633696317	41038.86458627396	50858.80950215694	10282.708568392176	24089.202810584393	35555.1631490718	47147.485297586914	39816.035983434405	25886.625759895876	49160.18720571246	46348.194008578015	28594.25573155796
ALL_19769_B.cell_2	65818.6453492548	96104.48289752149	76264.21629144989	75939.55200252461	69015.99499213998	66159.18343333178	59613.1930463803	67993.00358746028	69498.71162510768	53619.70002176702	61661.41135911191	60587.99755620428	44358.809532495114	54992.65164421924	64943.74354493231	76354.53001150175	64389.510155928285	65831.94070166354	70060.26947111907	48214.568165920646	35855.122734943834	40525.61225408362	30273.820224265655	43973.828671816635	49098.6109451792	50228.59697692046	48670.66809204754	49626.809547836696	59351.24917584742	12711.017044374457	28531.556440248678	45288.621515468745	53396.58859213575	47380.26838358602	29956.94633719296	56000.135976021826	52723.38085988303	32998.833197989836
ALL_28373_B.cell	63818.98858505974	76264.21629144989	96104.48289752149	69348.56028214528	63954.18367651889	65252.89588809846	60550.97229730087	69481.15936344709	67054.13931951884	54745.467012227506	59731.51067912834	59411.898905657414	47305.34326371237	52947.55884123592	59132.4357267196	73325.1092889255	62895.95409843134	64507.314669973	62965.67033581373	50947.075974625666	36504.70245329502	39000.531326723874	32948.55485430452	45478.41740749946	49766.210950889734	50708.33418422203	45970.92812629067	50274.71168927739	56430.038503176154	16974.33857817881	31119.307641929547	44241.45738801231	54423.5982260081	48940.812715908185	34400.39418372555	58083.54349566031	53672.569023645854	35207.34379394783
ALL_28373_B.cell_2	60088.16531784658	75939.55200252461	69348.56028214528	96104.48289752149	66052.22100261581	65667.49231040858	55667.55426786417	58399.93034746462	67217.63123452436	52144.51817961026	59224.89115628878	60832.0604828361	38077.13253581706	53314.047763019764	60096.33958243233	75139.75831073047	63058.2569102775	59724.01611931756	70419.31700356628	46205.12239059716	34169.85788049245	39908.104277542785	27905.079014496238	43534.81540760864	48896.74889132289	49354.678266913674	47839.12151899248	52317.98077643399	61180.405973427994	12814.323100580295	28358.618610467034	46749.162069874146	52331.86746275452	48569.58828314373	29784.508719299745	55898.08502355123	52275.12328549887	32826.101565505734
ALL_9692_B.cell	66301.88785950509	69015.99499213998	63954.18367651889	66052.22100261581	96104.48289752149	60834.28285555972	60025.30136578494	59732.08974007308	63929.20328723683	46451.7918022747	59258.62237018409	64855.64835925431	45103.4980540893	52216.44935761451	65080.325568111235	61097.65167845797	62082.52144612954	61801.903839963736	67782.62165924833	44138.09701202816	31599.9322440986	36286.81081811004	24840.01380527328	40799.512189636655	44538.71784938127	45708.74764145047	43726.596017655866	44917.65692637927	56906.5866019293	11361.570391518966	26340.00857856743	41911.38146385191	49939.730878259004	44132.58498143611	26577.343707130523	51777.56093129424	49307.4920647767	33035.682393627336
ALL_9692_B.cell_2	55754.80815285967	66159.18343333178	65252.89588809846	65667.49231040858	60834.28285555972	96104.48289752149	50741.92969556867	51407.755220878316	60449.92508228558	48090.34608345391	59871.83498158799	59742.10356117992	33052.72197048632	53731.60939335612	61284.80867446191	59635.76815460794	74512.85294515337	58092.91335613054	66381.34687522397	49378.92788744162	30756.031026034892	36743.60749966369	25840.709372325742	42690.14643248619	47627.52969293158	50255.49389012897	45546.65348406664	60755.33931525065	66092.11799570144	19950.717232257113	37754.86680623945	53427.854094393195	60040.97968443915	55653.797662287216	36379.12370228517	61032.09595280386	57480.55210325872	42303.8122139696
ALL_17281_B.cell	64491.010089239266	59613.1930463803	60550.97229730087	55667.55426786417	60025.30136578494	50741.92969556867	96104.48289752149	66075.99712151207	62049.030030175854	47170.77041829098	56092.966780283445	65613.72823319741	54633.75400351723	49559.272853952025	54259.3234403035	59663.1388224191	56394.77434910729	62806.84247060835	51695.67032614102	37867.8142943124	26138.892804962423	27894.602183654235	22965.688697726262	34751.245501276455	37048.85042271008	36032.94734198571	33441.944439524115	36319.635594881336	45625.577144722134	9537.3180022796	21816.480615860957	32767.65237214708	45224.156964996255	37543.22514975791	25089.259445081378	45970.14956197189	43137.04270073645	25960.794036726613
ALL_17281_B.cell_2	65422.75636526781	67993.00358746028	69481.15936344709	58399.93034746462	59732.08974007308	51407.755220878316	66075.99712151207	96104.48289752149	60896.24556589695	49234.071367431425	54680.76582625904	55097.42582193998	58289.85904642389	46105.97011963979	53231.51003582225	66461.55055269433	54605.5176212643	63092.72905135331	52852.98475005844	43539.356967871136	31958.794819522045	34495.914118495304	29225.71602043262	38037.5867776151	41327.85575601158	41944.72032418667	39218.24848180366	37833.66804994964	44456.54926993093	10257.393360368282	22788.70878989852	35037.647323701225	46920.38403416932	37896.91836334776	26519.030797244093	46393.904938700696	45740.950287109816	25797.030227125302
ALL_20414_B.cell	60821.827059277115	69498.71162510768	67054.13931951884	67217.63123452436	63929.20328723683	60449.92508228558	62049.030030175854	60896.24556589695	96104.48289752149	52565.19180315478	59854.00990750383	66563.89759526317	46170.454269741014	54831.50868920934	57880.876081837545	67961.152781844	60783.44646029332	67180.6831125693	65814.29854681145	46692.00423069078	36013.28340042375	38149.73476589728	29680.193823418478	44267.18560107672	47371.643343479496	48711.85724753244	44513.10509076002	45589.06367724777	57192.30043495586	8346.330318971843	22566.07546983783	39633.280404569385	46512.16570019747	44005.22748057719	25704.355298205308	51612.787211697156	49694.42628260235	28218.264126698792
ALL_20414_B.cell_2	47343.63255628975	53619.70002176702	54745.467012227506	52144.51817961026	46451.7918022747	48090.34608345391	47170.77041829098	49234.071367431425	52565.19180315478	96104.48289752149	43650.36680545489	43837.65509058452	37109.35504784224	37030.500883440196	36981.29633759392	53955.96917520858	47961.91478986857	44332.517617072655	44261.33614696246	50982.97127612299	40821.74021953924	39862.64048459906	39010.54885895659	47005.67268790439	49058.00326301536	49872.652899131856	40668.148467835395	43942.82082660968	44638.98631000181	15903.23109307645	25855.687306422566	39622.86441858624	47899.70319674908	39277.91729656334	28984.40806889812	50226.94902744517	48142.22567374187	29002.988145168914
ALL_549_B.cell	60995.25828346885	61661.41135911191	59731.51067912834	59224.89115628878	59258.62237018409	59871.83498158799	56092.966780283445	54680.76582625904	59854.00990750383	43650.36680545489	96104.48289752149	60233.64811492966	35845.65266493234	46374.835422398566	59018.95035449334	56181.53030130186	56836.39780288007	59629.968534750325	61131.90867142255	39674.06498306688	25274.61755104494	31710.773833669613	20512.25883313772	36171.43657915052	39397.32961859203	42802.45903350672	38070.40041145129	44063.55063262062	59431.070866460075	11966.727733742606	26401.61890327804	37036.432709623805	49816.9793463469	44469.55544526297	27148.257739817273	52268.80848728799	48588.985562441434	32159.482537837386
ALL_549_B.cell_2	60857.92194471363	60587.99755620428	59411.898905657414	60832.0604828361	64855.64835925431	59742.10356117992	65613.72823319741	55097.42582193998	66563.89759526317	43837.65509058452	60233.64811492966	96104.48289752149	41684.528661965574	55883.33709086899	59932.36556939153	57419.1126136532	63521.663114697294	63009.19827871212	61919.12252206253	38701.595775008216	24247.14572865612	28190.222149133755	19261.903925964318	35736.18087568225	39953.614934506	39874.3104809265	36976.09962857019	42083.6757117713	59560.28992517635	7550.587895664008	24240.40806871708	40821.744859323706	46020.40154426115	46324.45894212348	24838.377237116554	50299.72370156021	44328.156057931956	29881.65472626321
ALL_20185_B.cell	48827.38863402006	44358.809532495114	47305.34326371237	38077.13253581706	45103.4980540893	33052.72197048632	54633.75400351723	58289.85904642389	46170.454269741014	37109.35504784224	35845.65266493234	41684.528661965574	96104.48289752149	34375.79150526857	36656.55432974043	46295.576013310514	37264.53483500193	44041.64741000698	34021.37985812759	32846.428888565446	22721.225052151887	19598.459082399582	21679.970658609236	26136.762440156293	27838.491935696293	28151.18844464011	23169.45830028152	22995.900077171318	26648.18460139862	482.9711075482046	12348.508782238234	22701.338319104412	31871.85917717203	22695.598176392537	15343.654205636456	30483.0262693728	31912.833066721847	14557.15138998533
ALL_20185_B.cell_2	45945.240987380945	54992.65164421924	52947.55884123592	53314.047763019764	52216.44935761451	53731.60939335612	49559.272853952025	46105.97011963979	54831.50868920934	37030.500883440196	46374.835422398566	55883.33709086899	34375.79150526857	96104.48289752149	57361.89772306521	54010.64413221048	54281.04316571559	48405.479637495184	58292.067634806524	35614.110324689704	25096.85863786892	25213.404537829425	20355.1347089067	34600.056235694945	41855.133104182954	37919.21096380961	38536.68262688409	38040.61247020671	50968.7685684007	409.38623107780586	18484.532478830806	39899.51026164166	40291.382705899814	43035.72693885971	17663.63325908374	38668.23309828756	33526.09169896159	23224.925853038847
ALL_18239_B.cell	59345.185012496535	64943.74354493231	59132.4357267196	60096.33958243233	65080.325568111235	61284.80867446191	54259.3234403035	53231.51003582225	57880.876081837545	36981.29633759392	59018.95035449334	59932.36556939153	36656.55432974043	57361.89772306521	96104.48289752149	55429.68276279434	61766.66868345131	63316.40241085683	63569.06613363171	38458.735109848545	24187.138876763885	29319.310838148915	18059.271071298615	33849.275251895575	38192.879733734015	38428.40366184529	40514.3224192498	40637.052877734204	55898.23278637583	6408.702695775093	23604.15661549708	40266.08737078738	46827.92909147698	43516.98083667057	23051.669276142056	44855.67677484191	42621.48888073144	29704.6930559866
ALL_18239_B.cell_2	59783.323017914125	76354.53001150175	73325.1092889255	75139.75831073047	61097.65167845797	59635.76815460794	59663.1388224191	66461.55055269433	67961.152781844	53955.96917520858	56181.53030130186	57419.1126136532	46295.576013310514	54010.64413221048	55429.68276279434	96104.48289752149	59560.82652599786	60612.91930840922	63149.415760584874	46710.863248825975	34831.778460717	37874.156099537606	30490.608229125326	42843.39701861737	48829.162285176615	48475.57010287542	44797.27373545539	48212.05154349646	53713.01821416808	10644.354264339578	25254.59639796526	42807.683434514336	49840.45863460204	44373.478915383275	29098.78212512452	51703.14500101211	50492.1031635063	29171.77584782867
ALL_7092_B.cell	58147.83185979162	64389.510155928285	62895.95409843134	63058.2569102775	62082.52144612954	74512.85294515337	56394.77434910729	54605.5176212643	60783.44646029332	47961.91478986857	56836.39780288007	63521.663114697294	37264.53483500193	54281.04316571559	61766.66868345131	59560.82652599786	96104.48289752149	62524.7254981596	61619.7762727001	47847.84883545703	29277.823875840637	33340.65157724596	24486.29876807012	41233.76327402831	44953.79764306962	45226.16504993537	42108.67434722752	55983.738736925465	59601.68753880958	17751.028953231333	36175.16256097838	52510.03088812011	61784.67281646189	51522.50849081761	33964.11816573061	55437.45600840652	56583.61354979585	40726.57226521251
ALL_7092_B.cell_2	68163.89151151106	65831.94070166354	64507.314669973	59724.01611931756	61801.903839963736	58092.91335613054	62806.84247060835	63092.72905135331	67180.6831125693	44332.517617072655	59629.968534750325	63009.19827871212	44041.64741000698	48405.479637495184	63316.40241085683	60612.91930840922	62524.7254981596	96104.48289752149	60806.538793083906	41030.70356470287	26258.429931015213	30765.956031666916	22152.739435991127	35353.05362215382	37896.6856620995	40510.76926009662	37378.081611558126	41315.802542908095	50944.91611483413	7877.209823941797	21599.980167820657	34730.78216992971	45173.37563486717	39705.73350535855	24784.74820928811	46244.37472475476	46995.14006950148	26095.59032664876
ALL_R23_B.cell	59221.522807528716	70060.26947111907	62965.67033581373	70419.31700356628	67782.62165924833	66381.34687522397	51695.67032614102	52852.98475005844	65814.29854681145	44261.33614696246	61131.90867142255	61919.12252206253	34021.37985812759	58292.067634806524	63569.06613363171	63149.415760584874	61619.7762727001	60806.538793083906	96104.48289752149	41097.96002977425	29755.59072138941	35892.77063985521	22641.829725994947	40842.19057264593	46654.581451714745	47859.53215653721	46487.856772803985	48990.3028770648	64820.974590427795	7730.413680358019	24789.73445794554	44953.23842585688	47633.01067931875	48339.94179222037	23772.901620737553	50224.09559532013	46762.289117755274	31059.814453443774
ALL_R23_B.cell_2	41188.568819724336	48214.568165920646	50947.075974625666	46205.12239059716	44138.09701202816	49378.92788744162	37867.8142943124	43539.356967871136	46692.00423069078	50982.97127612299	39674.06498306688	38701.595775008216	32846.428888565446	35614.110324689704	38458.735109848545	46710.863248825975	47847.84883545703	41030.70356470287	41097.96002977425	96104.48289752149	48904.085113180736	52469.78515593057	49960.15989891201	54324.418764013986	57109.448713666745	62607.84829044492	51602.6512722951	43085.35043573936	40046.35021367267	18309.171637780397	29216.53461832847	40911.52002180698	46774.77597562705	36860.68728144031	30378.739782665798	46932.61229043557	50680.247526961866	32241.778985143967
ALL_19881_T.cell	29648.889754430813	35855.122734943834	36504.70245329502	34169.85788049245	31599.9322440986	30756.031026034892	26138.892804962423	31958.794819522045	36013.28340042375	40821.74021953924	25274.61755104494	24247.14572865612	22721.225052151887	25096.85863786892	24187.138876763885	34831.778460717	29277.823875840637	26258.429931015213	29755.59072138941	48904.085113180736	96104.48289752149	53913.48290937236	63998.76574309555	60452.04892731407	56383.34356340873	44061.12432988099	46836.666800194835	25378.176702442986	25762.95956314949	372.4595458759868	9955.52175462668	24742.162797905898	28283.3962946072	22474.802550530978	11804.680721003897	29682.67036579363	28985.056216418205	12316.082674101548
ALL_19881_T.cell_2	34087.41619810399	40525.61225408362	39000.531326723874	39908.104277542785	36286.81081811004	36743.60749966369	27894.602183654235	34495.914118495304	38149.73476589728	39862.64048459906	31710.773833669613	28190.222149133755	19598.459082399582	25213.404537829425	29319.310838148915	37874.156099537606	33340.65157724596	30765.956031666916	35892.77063985521	52469.78515593057	53913.48290937236	96104.48289752149	51928.25284107598	62025.02852982364	64726.916930735606	51930.72689919144	71318.76041460807	29341.21510751589	30936.880448144853	4602.753083271527	13391.533826653511	27511.32500258273	31375.89428321599	25910.556678795125	14188.93093698105	33957.96439487325	35208.85137932472	17019.389940631067
ALL_9723_T.cell	26328.416700006463	30273.820224265655	32948.55485430452	27905.079014496238	24840.01380527328	25840.709372325742	22965.688697726262	29225.71602043262	29680.193823418478	39010.54885895659	20512.25883313772	19261.903925964318	21679.970658609236	20355.1347089067	18059.271071298615	30490.608229125326	24486.29876807012	22152.739435991127	22641.829725994947	49960.15989891201	63998.76574309555	51928.25284107598	96104.48289752149	57659.35535188835	57808.68837645169	44965.229705868405	44662.15689062324	21619.446172015334	20458.13753305594	0.0	9073.746097239258	21959.642402717	26606.11260008214	19133.487646063295	11421.435627126222	27363.67559938162	27261.800933495717	10485.668878638942
ALL_9723_T.cell_2	37968.24775970061	43973.828671816635	45478.41740749946	43534.81540760864	40799.512189636655	42690.14643248619	34751.245501276455	38037.5867776151	44267.18560107672	47005.67268790439	36171.43657915052	35736.18087568225	26136.762440156293	34600.056235694945	33849.275251895575	42843.39701861737	41233.76327402831	35353.05362215382	40842.19057264593	54324.418764013986	60452.04892731407	62025.02852982364	57659.35535188835	96104.48289752149	68053.48099028117	56233.14618805061	61058.6850181751	35963.83434764302	37369.763122928205	6093.022921582873	18273.226939519634	34985.250899728846	38789.34950327735	34113.109868687876	19562.451222108008	39701.70777076022	39390.76323463921	20548.916074156325
ALL_14402_T.cell	41392.954240391104	49098.6109451792	49766.210950889734	48896.74889132289	44538.71784938127	47627.52969293158	37048.85042271008	41327.85575601158	47371.643343479496	49058.00326301536	39397.32961859203	39953.614934506	27838.491935696293	41855.133104182954	38192.879733734015	48829.162285176615	44953.79764306962	37896.6856620995	46654.581451714745	57109.448713666745	56383.34356340873	64726.916930735606	57808.68837645169	68053.48099028117	96104.48289752149	57260.887659696244	69002.31097348558	39254.69580908993	42898.50905059336	6045.917913395751	20008.45934832412	41071.90803499121	42045.73563123719	38790.675643073635	19882.516463953274	42246.1773356121	40157.64985042221	23632.656054257764
ALL_14402_T.cell_2	42108.38358470076	50228.59697692046	50708.33418422203	49354.678266913674	45708.74764145047	50255.49389012897	36032.94734198571	41944.72032418667	48711.85724753244	49872.652899131856	42802.45903350672	39874.3104809265	28151.18844464011	37919.21096380961	38428.40366184529	48475.57010287542	45226.16504993537	40510.76926009662	47859.53215653721	62607.84829044492	44061.12432988099	51930.72689919144	44965.229705868405	56233.14618805061	57260.887659696244	96104.48289752149	54459.861083894706	43686.21382079596	45352.944438081664	10838.697625819448	22899.54054387982	38905.79141773325	42550.515341419734	38862.68925860763	24607.716089504218	45779.35775112965	45329.67017507021	27412.811546476325
ALL_22474_T.cell	39494.36633696317	48670.66809204754	45970.92812629067	47839.12151899248	43726.596017655866	45546.65348406664	33441.944439524115	39218.24848180366	44513.10509076002	40668.148467835395	38070.40041145129	36976.09962857019	23169.45830028152	38536.68262688409	40514.3224192498	44797.27373545539	42108.67434722752	37378.081611558126	46487.856772803985	51602.6512722951	46836.666800194835	71318.76041460807	44662.15689062324	61058.6850181751	69002.31097348558	54459.861083894706	96104.48289752149	35324.493616508946	40641.65359716935	2337.0481666939595	16328.223891473841	36429.57970530844	36910.27411828363	35115.06067530332	15120.805640928607	37282.39584682258	35809.87178674311	19624.78077336309
ALL_22474_T.cell_2	41038.86458627396	49626.809547836696	50274.71168927739	52317.98077643399	44917.65692637927	60755.33931525065	36319.635594881336	37833.66804994964	45589.06367724777	43942.82082660968	44063.55063262062	42083.6757117713	22995.900077171318	38040.61247020671	40637.052877734204	48212.05154349646	55983.738736925465	41315.802542908095	48990.3028770648	43085.35043573936	25378.176702442986	29341.21510751589	21619.446172015334	35963.83434764302	39254.69580908993	43686.21382079596	35324.493616508946	96104.48289752149	56099.313344075024	25931.10453364336	43040.89264959349	50239.99210126387	56183.46975907522	56203.599824586876	43760.61134602083	60515.73681115312	54350.81422038606	41944.92665857138
AML_13	50858.80950215694	59351.24917584742	56430.038503176154	61180.405973427994	56906.5866019293	66092.11799570144	45625.577144722134	44456.54926993093	57192.30043495586	44638.98631000181	59431.070866460075	59560.28992517635	26648.18460139862	50968.7685684007	55898.23278637583	53713.01821416808	59601.68753880958	50944.91611483413	64820.974590427795	40046.35021367267	25762.95956314949	30936.880448144853	20458.13753305594	37369.763122928205	42898.50905059336	45352.944438081664	40641.65359716935	56099.313344075024	96104.48289752149	12848.771826148135	30824.44430225104	49511.953786085614	50674.860832177386	54608.16100027378	29293.06035616259	60286.900664768815	47590.884175101404	37810.64470685163
AML_13_2	10282.708568392176	12711.017044374457	16974.33857817881	12814.323100580295	11361.570391518966	19950.717232257113	9537.3180022796	10257.393360368282	8346.330318971843	15903.23109307645	11966.727733742606	7550.587895664008	482.9711075482046	409.38623107780586	6408.702695775093	10644.354264339578	17751.028953231333	7877.209823941797	7730.413680358019	18309.171637780397	372.4595458759868	4602.753083271527	0.0	6093.022921582873	6045.917913395751	10838.697625819448	2337.0481666939595	25931.10453364336	12848.771826148135	96104.48289752149	49132.736336423724	16285.991261810908	30119.59668105522	19361.91811760291	48808.607834256196	30747.412775001467	35852.037976174106	46419.681972087565
AML_16	24089.202810584393	28531.556440248678	31119.307641929547	28358.618610467034	26340.00857856743	37754.86680623945	21816.480615860957	22788.70878989852	22566.07546983783	25855.687306422566	26401.61890327804	24240.40806871708	12348.508782238234	18484.532478830806	23604.15661549708	25254.59639796526	36175.16256097838	21599.980167820657	24789.73445794554	29216.53461832847	9955.52175462668	13391.533826653511	9073.746097239258	18273.226939519634	20008.45934832412	22899.54054387982	16328.223891473841	43040.89264959349	30824.44430225104	49132.736336423724	96104.48289752149	45164.579638877585	49344.71754310595	40997.23947163418	46913.56825873885	42347.36175064459	46480.79010869329	60216.02661977112
AML_16_2	35555.1631490718	45288.621515468745	44241.45738801231	46749.162069874146	41911.38146385191	53427.854094393195	32767.65237214708	35037.647323701225	39633.280404569385	39622.86441858624	37036.432709623805	40821.744859323706	22701.338319104412	39899.51026164166	40266.08737078738	42807.683434514336	52510.03088812011	34730.78216992971	44953.23842585688	40911.52002180698	24742.162797905898	27511.32500258273	21959.642402717	34985.250899728846	41071.90803499121	38905.79141773325	36429.57970530844	50239.99210126387	49511.953786085614	16285.991261810908	45164.579638877585	96104.48289752149	56446.24322403119	54815.91823368267	31860.40286675134	45945.717601713026	45452.34783886873	42951.687825201916
AML_1	47147.485297586914	53396.58859213575	54423.5982260081	52331.86746275452	49939.730878259004	60040.97968443915	45224.156964996255	46920.38403416932	46512.16570019747	47899.70319674908	49816.9793463469	46020.40154426115	31871.85917717203	40291.382705899814	46827.92909147698	49840.45863460204	61784.67281646189	45173.37563486717	47633.01067931875	46774.77597562705	28283.3962946072	31375.89428321599	26606.11260008214	38789.34950327735	42045.73563123719	42550.515341419734	36910.27411828363	56183.46975907522	50674.860832177386	30119.59668105522	49344.71754310595	56446.24322403119	96104.48289752149	49481.26921592292	41478.9810233968	56545.467692387785	60191.9106142667	53987.63987718104
AML_1_2	39816.035983434405	47380.26838358602	48940.812715908185	48569.58828314373	44132.58498143611	55653.797662287216	37543.22514975791	37896.91836334776	44005.22748057719	39277.91729656334	44469.55544526297	46324.45894212348	22695.598176392537	43035.72693885971	43516.98083667057	44373.478915383275	51522.50849081761	39705.73350535855	48339.94179222037	36860.68728144031	22474.802550530978	25910.556678795125	19133.487646063295	34113.109868687876	38790.675643073635	38862.68925860763	35115.06067530332	56203.599824586876	54608.16100027378	19361.91811760291	40997.23947163418	54815.91823368267	49481.26921592292	96104.48289752149	41110.170291580136	54380.898871218094	44146.06902642646	39133.78997563401
AML_3	25886.625759895876	29956.94633719296	34400.39418372555	29784.508719299745	26577.343707130523	36379.12370228517	25089.259445081378	26519.030797244093	25704.355298205308	28984.40806889812	27148.257739817273	24838.377237116554	15343.654205636456	17663.63325908374	23051.669276142056	29098.78212512452	33964.11816573061	24784.74820928811	23772.901620737553	30378.739782665798	11804.680721003897	14188.93093698105	11421.435627126222	19562.451222108008	19882.516463953274	24607.716089504218	15120.805640928607	43760.61134602083	29293.06035616259	48808.607834256196	46913.56825873885	31860.40286675134	41478.9810233968	41110.170291580136	96104.48289752149	47093.360925054876	47335.4769716263	41507.41826030862
AML_3_2	49160.18720571246	56000.135976021826	58083.54349566031	55898.08502355123	51777.56093129424	61032.09595280386	45970.14956197189	46393.904938700696	51612.787211697156	50226.94902744517	52268.80848728799	50299.72370156021	30483.0262693728	38668.23309828756	44855.67677484191	51703.14500101211	55437.45600840652	46244.37472475476	50224.09559532013	46932.61229043557	29682.67036579363	33957.96439487325	27363.67559938162	39701.70777076022	42246.1773356121	45779.35775112965	37282.39584682258	60515.73681115312	60286.900664768815	30747.412775001467	42347.36175064459	45945.717601713026	56545.467692387785	54380.898871218094	47093.360925054876	96104.48289752149	61323.90003869062	46172.47444602817
AML_6	46348.194008578015	52723.38085988303	53672.569023645854	52275.12328549887	49307.4920647767	57480.55210325872	43137.04270073645	45740.950287109816	49694.42628260235	48142.22567374187	48588.985562441434	44328.156057931956	31912.833066721847	33526.09169896159	42621.48888073144	50492.1031635063	56583.61354979585	46995.14006950148	46762.289117755274	50680.247526961866	28985.056216418205	35208.85137932472	27261.800933495717	39390.76323463921	40157.64985042221	45329.67017507021	35809.87178674311	54350.81422038606	47590.884175101404	35852.037976174106	46480.79010869329	45452.34783886873	60191.9106142667	44146.06902642646	47335.4769716263	61323.90003869062	96104.48289752149	50059.82464056404
AML_6_2	28594.25573155796	32998.833197989836	35207.34379394783	32826.101565505734	33035.682393627336	42303.8122139696	25960.794036726613	25797.030227125302	28218.264126698792	29002.988145168914	32159.482537837386	29881.65472626321	14557.15138998533	23224.925853038847	29704.6930559866	29171.77584782867	40726.57226521251	26095.59032664876	31059.814453443774	32241.778985143967	12316.082674101548	17019.389940631067	10485.668878638942	20548.916074156325	23632.656054257764	27412.811546476325	19624.78077336309	41944.92665857138	37810.64470685163	46419.681972087565	60216.02661977112	42951.687825201916	53987.63987718104	39133.78997563401	41507.41826030862	46172.47444602817	50059.82464056404	96104.48289752149