	ctrl_1	ctrl_2	ctrl_3	ctrl_4	ctrl_5	ctrl_6	ctrl_7	ctrl_8	ctrl_9	ctrl_10	ctrl_11	ctrl_12	ctrl_13	ctrl_14	ctrl_15	ctrl_16	ctrl_17	ctrl_18	ctrl_19	ctrl_20	ctrl_21	ctrl_22	ctrl_23	ctrl_24	ctrl_25	ctrl_26	ctrl_27	ctrl_28	ctrl_29	ctrl_30	ctrl_31	ctrl_32	ctrl_33	ctrl_34	ctrl_35	ctrl_36	ctrl_37	ctrl_38	ctrl_39	ctrl_40	ctrl_41	ctrl_42	SLE_43	SLE_44	SLE_45	SLE_46	SLE_47	SLE_48	SLE_49	SLE_50	SLE_51	SLE_52	SLE_53	SLE_54	SLE_55	SLE_56	SLE_57	SLE_58	SLE_59	SLE_60	SLE_61	SLE_62	SLE_63	SLE_64	SLE_65	SLE_66	SLE_67	SLE_68	SLE_69	SLE_70	SLE_71	SLE_72	SLE_73	SLE_74	SLE_75	SLE_76	SLE_77	SLE_78	SLE_79	SLE_80	SLE_81	SLE_82	SLE_83	SLE_84	SLE_85	SLE_86	SLE_87	SLE_88	SLE_89	SLE_90
ctrl_1	1.0	0.7497380333334032	0.7891586340939255	0.7770704214468664	0.7842301237811098	0.7983372637611517	0.8231339370305628	0.6829470114492872	0.7267192023477547	0.7331801960814954	0.7479335123013402	0.7456361569230691	0.6324746938607622	0.6366783943505221	0.6593671799543934	0.6161311675586258	0.3597795568581577	0.7129624374130545	0.5157591554157116	0.7631270770425114	0.7830785551292165	0.798127689430036	0.7087869385587887	0.49127485781503044	0.6434748098513258	0.7262972319106779	0.5487844016092628	0.6632278704344423	0.7036606660015137	0.7439167410778642	0.6824579122011197	0.7049669242010135	0.7056317473402509	0.6141044721383728	0.6632889256573317	0.7644608219418031	0.7112257555175353	0.6903770928792375	0.6568221599663019	0.7138385819595613	0.7174737399932115	0.7605939911588113	0.9063727198646202	0.5998007092540459	0.5191488567841688	0.7640378169041706	0.8123155094590967	0.7017835746286959	0.6608721564179618	0.7937564288145188	0.7301895000345293	0.694557679668744	0.4981814882372516	0.5378441863175184	0.7088327299759557	0.4232379430848023	0.6411180325181117	0.40420787124005153	0.39740990332090975	0.6529612802127717	0.415991529257695	0.22663854736149847	0.5805014353762074	0.2880295371424022	0.5890672209122295	0.48057269126889957	0.7276658856692609	0.7161752982241462	0.5528157040724367	0.3722789102667788	0.6610688899139386	0.5853767740985037	0.3957614132919842	0.595316411999828	0.6449242364499407	0.3669467573337117	0.2900647100176186	0.5252679432289862	0.7082340495959574	0.574636149249549	0.26782705440108706	0.3295894632317179	0.3649849784688882	0.23447396293108178	0.44075451007456523	0.5202308903628255	0.6912040676323624	0.5557085083641914	0.731820021393794	0.5867572996988588
ctrl_2	0.7497380333334032	1.0	0.7634086092902497	0.7718688556523771	0.759997998746866	0.761219102471996	0.7006884620483812	0.6827112704497977	0.7655817230233902	0.7823398263778997	0.7020233766453802	0.6797795796311532	0.5580806007485091	0.48729670530963565	0.6015343507503262	0.5736485787871495	0.3025437116974875	0.6694673750180506	0.4581722083821642	0.6585378470077425	0.6640514695221833	0.6619050072718399	0.6922850685945295	0.5079751672738004	0.6128276319284951	0.6817693453783381	0.48793771104921396	0.6111002779142507	0.6154527757861562	0.6766271419136248	0.68644854701394	0.6784571015239235	0.7140098756765586	0.5965205573959614	0.6430575991615819	0.721033598683343	0.694274451273674	0.6732002235063687	0.6293803812451618	0.6212297362502334	0.6213270277482158	0.7140817831660258	0.7695565273507992	0.5982997647557695	0.5359933042813769	0.7218096757208255	0.7893417996526951	0.691890938477748	0.6824738334718946	0.6954151795066644	0.7686152598960115	0.7133847360380391	0.564109217552492	0.4909910866636007	0.6782186236321901	0.3562722756032014	0.570017486825006	0.4106729409526677	0.38412531237793446	0.6573046913541115	0.3346133970382664	0.2763357729968878	0.5005173974127521	0.21794666320692832	0.5519931550353702	0.41452959586517807	0.595191395289235	0.698721973897935	0.488088726753574	0.29178103914238446	0.6031071316509873	0.4526207514707396	0.29551558136840667	0.6175439184247937	0.6077348441101523	0.29922977186567673	0.19597018810938288	0.45281918082607314	0.628813076465815	0.5459707393021255	0.22595167651611295	0.3179703220916281	0.30764734026213914	0.21464629119428555	0.41265723569657137	0.43471292614623097	0.5910498184881695	0.5203185055738845	0.687746630359755	0.583168611528894
ctrl_3	0.7891586340939255	0.7634086092902497	1.0	0.8479632583459087	0.8154913378372893	0.8083784129061324	0.8479657110927852	0.7463979560082323	0.8099774906066902	0.8353502744517545	0.7385320128455206	0.7722962422134558	0.5902187895641228	0.6002719354138757	0.6202505371518412	0.6468107993916262	0.3577574891559277	0.7523745803517844	0.5790558663435608	0.7368590890275247	0.6950905827794251	0.8049956710179015	0.7588192944566367	0.6329631356446301	0.6940499177028735	0.8023475209044173	0.6766267538701706	0.7493201250615639	0.7444177490507955	0.7761650375741365	0.8269425703444833	0.8126828009546008	0.8497161411541096	0.6630447047665491	0.7710778190750236	0.8332710061642418	0.7579492580524815	0.6966311952996064	0.7452497793111309	0.7345254255307978	0.7112267767697001	0.7512891548183358	0.828875983415899	0.5820804870229404	0.5070135863164867	0.7829319833240923	0.8246767459028939	0.7001513762926754	0.7071530390644754	0.7767620212593456	0.775839410109477	0.7034880319116896	0.5735162120676838	0.440172277383999	0.7282950932831821	0.3304488775103658	0.5741805238294574	0.4275609894672411	0.3370631853862627	0.6723541885136277	0.33215208507709454	0.1963649850312872	0.5505312225200063	0.19282378635311467	0.5823149375190051	0.3577630397342975	0.7110463285477424	0.7181131238559506	0.4376413685329776	0.33083556012464893	0.6066578984636836	0.4723987084326264	0.2830124182055361	0.6820260951714947	0.637186557266894	0.27912524034616293	0.18134541822386602	0.39331532990619794	0.6485112286425097	0.48250333569534265	0.08807010936269259	0.2657711223423651	0.2448957440295858	0.09453517131728717	0.34094742385282156	0.31550054171083897	0.7240578593230965	0.6686872249485768	0.7726822136916527	0.5575876019214213
ctrl_4	0.7770704214468664	0.7718688556523771	0.8479632583459087	1.0	0.8224930698125748	0.7442304968961267	0.80410335183336	0.711868531336287	0.8275553554076334	0.8511829821424631	0.7416838318472504	0.7651577281655967	0.6370826672104939	0.624409693867759	0.7031963237995752	0.667980650728476	0.35791228574514666	0.7725845585429131	0.5670184069881435	0.777585284343528	0.7800834590478563	0.8006038179138817	0.8021454622918376	0.6334182859005819	0.7148483654089697	0.7764133639628827	0.6310038377845453	0.7652562358177782	0.7912410438273367	0.7873100187322706	0.7955524688768971	0.8126207853903791	0.8303997164327906	0.6596601756391365	0.7397300647147914	0.8569408288566108	0.7912878084880157	0.7494259733053021	0.7718722476092043	0.7136588083555838	0.7496430585422419	0.8218459475441328	0.8228475290883417	0.6009336255533099	0.4766697109462138	0.8172796352972287	0.8674958300157983	0.7159517697949943	0.7025626977809027	0.779305005423086	0.8278201348134536	0.7196513762762649	0.5681710834159448	0.5167597826797313	0.7793125049096362	0.40720586876028475	0.6238885774768156	0.4550550000579805	0.43934294443734834	0.7090389410438535	0.3252499002168198	0.24016566307210363	0.5454726972218593	0.3077791939189817	0.6192929300639857	0.4709157901819015	0.6727060421740411	0.7438655543969234	0.5449582407967053	0.3561247255697482	0.6540882427635901	0.5308477088618714	0.34236865291068114	0.6855849172240616	0.6276829302420655	0.33024919843876727	0.25143373689121873	0.4838504792409359	0.6777929330503782	0.5720565676302121	0.20305258971513598	0.37914761872063407	0.36010056063774065	0.23387697888768505	0.41853719285649793	0.41025693209571334	0.7463894761212522	0.6178135791543504	0.8297966943470565	0.6569622840068459
ctrl_5	0.7842301237811098	0.759997998746866	0.8154913378372893	0.8224930698125748	1.0	0.7974020537849005	0.773958301058778	0.6729909663765715	0.8807744135037635	0.8395308587329283	0.7852765418344502	0.7526788599034124	0.6018396266816086	0.5246178211246431	0.5953468200109001	0.5947713977489038	0.2794135563304969	0.7459332582017245	0.6119561318488305	0.8071607018664161	0.7884642582705476	0.7284697789549713	0.8206122308803956	0.6454421448118556	0.7893858950649915	0.8303887943454634	0.5883883360249249	0.7038102676169322	0.7705290327064909	0.7735227063765343	0.7641236052872472	0.8256163168165468	0.7721828850375707	0.7572257780302584	0.7302844747687062	0.8009388930866367	0.8442236281876982	0.8419815460701681	0.8118949070648851	0.7878672745853385	0.8067662714193398	0.8449749461741323	0.7995627276910271	0.6007820746523425	0.5195061483200396	0.8721199891132371	0.8757934739489275	0.6843279166818759	0.5941602410324587	0.8269629220610244	0.7723592665809279	0.7226135690065361	0.48970445139817814	0.414668169302745	0.6971620362245585	0.3132109735999514	0.6337873811536369	0.38476808781102345	0.3236412283273273	0.724005304071208	0.3359290267380171	0.15258505079836357	0.5126600472670204	0.11350636308646217	0.6091588516368757	0.42492035266164785	0.6822723933112126	0.7841680911086147	0.5637134686003288	0.20602865843561027	0.6111030552186355	0.46356267150097963	0.24187481517021453	0.7043706107705974	0.74139412986346	0.2826766148826061	0.08726960851207115	0.4654825167613681	0.7040443124975821	0.5604029227096236	0.18961160709235858	0.24515144153335114	0.27266398193451824	0.13921397303078137	0.3236145348655616	0.4308913825468059	0.6942934738815605	0.5364687478247784	0.7794881709818556	0.5765961051709217
ctrl_6	0.7983372637611517	0.761219102471996	0.8083784129061324	0.7442304968961267	0.7974020537849005	1.0	0.7966013088586733	0.7074701868375299	0.7880858012440173	0.802707797510679	0.6577576974055763	0.7039856236707116	0.5415137107054016	0.5377243265771893	0.5140145768066668	0.558930285934419	0.22075651730594079	0.739566559057089	0.5628270586411056	0.7348035656568612	0.6962370628112472	0.6731571721613807	0.7115727561584869	0.5824959059913095	0.7114913492434783	0.7467364554555305	0.5954809220061046	0.6017361720604519	0.6926785355872794	0.7172536020928149	0.7356142423657531	0.7268630042530281	0.717959128266244	0.6975985689651159	0.6966854665762787	0.7048210701449564	0.6981389192046624	0.7110046037308223	0.6855072795591525	0.7311131210573865	0.7378061345200269	0.6860092888683725	0.8169736211920415	0.465390178212441	0.38982501051937846	0.8459917770270662	0.7868327289944931	0.647325104057179	0.5587058335687924	0.825484030659029	0.6899687341165511	0.6181362734799043	0.38104324483184154	0.2940078574633505	0.6315344949084125	0.24197318180016383	0.5073538863986079	0.30248435248862693	0.290596824569898	0.5854012187340467	0.2681696418350818	0.06832555236495123	0.4925610191468622	0.10512823977699286	0.4257627499784181	0.29792217329335013	0.6594241995409349	0.6627699562635468	0.39407512732373684	0.1696228294961225	0.526962224647604	0.41620422710955796	0.22298503026720445	0.6400641972623486	0.6437533778041948	0.190541002147741	0.05466955056579179	0.4528644525058111	0.5989700329275535	0.41074318317099695	0.06618523017536619	0.2210957125816277	0.2066853732973974	0.07589978287104232	0.2579819056172277	0.31004967363054853	0.6461311366867607	0.5323899197400844	0.6778584215031306	0.5024853293860649
ctrl_7	0.8231339370305628	0.7006884620483812	0.8479657110927852	0.80410335183336	0.773958301058778	0.7966013088586733	1.0	0.708031204995649	0.7296607164683558	0.7722511621364819	0.6724987399331233	0.7729353535988039	0.5826847571964442	0.6399251270324339	0.5982040580580184	0.5397448258167027	0.29269559456841227	0.8027821838564754	0.5443573180313441	0.7410003525474034	0.7437444456205986	0.8174642777921485	0.7212123571347328	0.6176157681213165	0.7022648749296574	0.8178366545752854	0.6533040766882837	0.7756312491428116	0.7845799553599601	0.8192561885074638	0.7684260194736341	0.797673167216065	0.8028866048594534	0.5950897558009445	0.7583441308008555	0.8034792314026878	0.7320106581730175	0.7202134252497714	0.7290986614896918	0.7864186544634543	0.7633964535263228	0.7651212646078266	0.819710710722307	0.500723656951054	0.42424585619725463	0.8036667549297066	0.7588623971993768	0.7213880581726008	0.7045052637582383	0.8491935994642272	0.7565999619956423	0.6406957336397495	0.48598964632256253	0.3986726848935015	0.7413300651473185	0.32150178792330864	0.55517655191993	0.4383365558503667	0.30965537870435367	0.6159521680107527	0.4035944172027683	0.17565612424628135	0.5748645960393012	0.1768704447904146	0.564562630245965	0.35351214460020125	0.7143209161231542	0.7146487455261955	0.4294779496031926	0.2637435470699469	0.5965985724497954	0.5122891835821668	0.24435851380256599	0.638944418244867	0.6540729789586361	0.2665249516682412	0.14569327361331383	0.4101997629758682	0.6682418315608768	0.47979254119928966	0.11057125664619288	0.1877331865294851	0.2594633012238808	0.03152170278857039	0.27949960222377007	0.3389788454753962	0.7493666140616633	0.6116077573815998	0.7675643229784327	0.5674848010525879
ctrl_8	0.6829470114492872	0.6827112704497977	0.7463979560082323	0.711868531336287	0.6729909663765715	0.7074701868375299	0.708031204995649	1.0	0.7000872373400302	0.7155895079757099	0.561230032662551	0.5959931077928662	0.5144837796486897	0.4703437152590827	0.42542744990305587	0.53917949282797	0.2267877933723475	0.6058766644003845	0.3820465213096329	0.5760217627820922	0.5436523382017746	0.6374167749579719	0.6077999039213987	0.43641501115484654	0.5719876237399709	0.6350027686832604	0.4758674181954117	0.553552338384216	0.5793012782312523	0.6230037286064637	0.6406622452537581	0.5569878084666304	0.6765593028177841	0.5741607645753639	0.5775453450013149	0.6748181869129362	0.5574378249297574	0.549890720989269	0.5841070854835059	0.5681659954837567	0.5755763140631336	0.5702017584704577	0.7175765161403754	0.6095475205891806	0.6093680703425135	0.6542232805122837	0.7292634963763058	0.7035897905554506	0.7215406962290073	0.6413168925286196	0.6577475215412003	0.7452979618466169	0.6451175778730862	0.3373659700035277	0.598392311661199	0.23146360305315744	0.5398477087238526	0.4497058841415085	0.2897814817924844	0.5354703976561701	0.3568018826233024	0.16347356522436426	0.3615455342461219	0.17933604180928028	0.5157721657887055	0.3210744013625542	0.5502836098201882	0.7205424452594191	0.3911500507522232	0.31269074445783734	0.6192969415871451	0.33854083192787826	0.2249934492873652	0.5343713911405918	0.5255596513411006	0.2013956197992305	0.12200013398224542	0.3471631810092118	0.6200109484992679	0.4918317488665763	0.10903947472190866	0.19403507790053118	0.2927948093050993	0.0848802767156936	0.2561472597549768	0.37491445914018395	0.6550339577075783	0.4924959630054757	0.684334321791606	0.4738408206496629
ctrl_9	0.7267192023477547	0.7655817230233902	0.8099774906066902	0.8275553554076334	0.8807744135037635	0.7880858012440173	0.7296607164683558	0.7000872373400302	1.0	0.9176898782568045	0.7253132353993116	0.7103392592059075	0.6820708478426692	0.5652138859567853	0.6219647156324721	0.6662853190592563	0.33773738927664526	0.7700921803205976	0.5725885916426657	0.7818462966604044	0.7513610846760499	0.7194010511022392	0.7875014091815979	0.6158892600244832	0.6895085656380827	0.7787528320340088	0.604876173907704	0.6479256939548439	0.7372519249569859	0.7464783628233124	0.7609654104322336	0.7967251152828657	0.7974900015473968	0.7619284404863802	0.6716439662998117	0.8288002043101149	0.8208002693332676	0.7822862724307382	0.7584891370422209	0.704472369475413	0.7406872889429034	0.7936747743110714	0.7779251945681747	0.5665312087767057	0.46362986691773767	0.8337194924185947	0.8262656672908482	0.6454065292651702	0.6298974326014649	0.7520767875665866	0.8222495904074574	0.7359588982887905	0.5944271141309443	0.39987683028963494	0.6992121119535443	0.3057817640077046	0.5559923185157813	0.3845773998410147	0.3937114608389059	0.6798983779434955	0.2286897544452295	0.16780374419134042	0.4809497350380434	0.21295916945328405	0.5645795900301012	0.4020968673650416	0.5984821985178478	0.722824219279422	0.5176857868942233	0.277816775945951	0.6007164105086857	0.458346894159392	0.2852383774838389	0.7250629134717794	0.6380748145832027	0.25247207453320036	0.15246870737562238	0.485870927833611	0.6327195423749382	0.5028391918616204	0.1404628761857896	0.3233147888474408	0.3184782974904408	0.15087279168843018	0.37336019188323016	0.3826808172368897	0.6864627747014569	0.6209042742114537	0.7637890727646394	0.676412406622498
ctrl_10	0.7331801960814954	0.7823398263778997	0.8353502744517545	0.8511829821424631	0.8395308587329283	0.802707797510679	0.7722511621364819	0.7155895079757099	0.9176898782568045	1.0	0.6770924939655644	0.7158106626464439	0.6479352330790751	0.5613091588716733	0.6194404800974388	0.6427376928748829	0.3054353531576909	0.7933161986706728	0.592313925026882	0.7665359916084988	0.7158839306991538	0.7059343028671253	0.783484611807075	0.6295039653734326	0.6872090052026462	0.7986306678506622	0.6212112466734233	0.6656420957061918	0.7465282421038665	0.7542825549222998	0.7839061920984711	0.8085792712556784	0.8402838726967585	0.7722274184244453	0.6790615249037457	0.8328664152756595	0.7894366480495791	0.7924580335933948	0.7630548558369347	0.7434706990227126	0.7617557363721223	0.7769915584506344	0.7984305425179324	0.5454919581537011	0.449094814464427	0.8326163588893806	0.8377399066027379	0.6717783425384215	0.6488968528395822	0.7363899933943553	0.8390254574689164	0.6964419116862458	0.5642686394277172	0.3555689063166205	0.719700559650259	0.26996568189746034	0.5107616614792191	0.34325949499076297	0.3742174124304224	0.6505733368754009	0.1877467543563613	0.1249358708547451	0.46852700458635577	0.22249018665084896	0.5359899123265849	0.3438174718888351	0.5960241201906777	0.6926418876371765	0.43297115736052494	0.26685017142098316	0.5976613449649404	0.4457266033559439	0.2867405943214319	0.7367916241894968	0.6237024712936212	0.2074417792160194	0.16377375322345875	0.4715241155267082	0.593572341009768	0.44847408673748607	0.06690291631794833	0.30456192479874383	0.29458321854223307	0.11281132845064319	0.3437547206875322	0.29825458486296874	0.6945061356224012	0.5972176049421738	0.7746417803586014	0.6377095486072984
ctrl_11	0.7479335123013402	0.7020233766453802	0.7385320128455206	0.7416838318472504	0.7852765418344502	0.6577576974055763	0.6724987399331233	0.561230032662551	0.7253132353993116	0.6770924939655644	1.0	0.8370070487775657	0.7414904903081008	0.595696796553247	0.7629303436645737	0.7637102097210898	0.5385406623301895	0.719234165586521	0.5952835832290831	0.8200372945431469	0.8277743434237615	0.7708190450143632	0.7455981500258227	0.5564004679721103	0.6443448467774989	0.7698177078697854	0.5982001839446907	0.7419823240480428	0.7293700181986796	0.769051126086787	0.7222591097307692	0.7761437035569165	0.7338867307578392	0.6503933440272021	0.6598986648085594	0.7938148163242693	0.8077828945386204	0.6857521597453697	0.6828028532841317	0.6521185725638308	0.6717993453367409	0.8303597591803693	0.7262921439784898	0.710044658656823	0.5979558384447374	0.6779279565763673	0.8057605568235037	0.6813911424190272	0.6219257081282142	0.6727687933376936	0.7293415113365225	0.7531740855993424	0.4939517206115934	0.6577600360290188	0.7995116078155279	0.5578917644187058	0.782148898096813	0.5621102454592057	0.5597895631248451	0.8563451956679107	0.5142717823469908	0.46739780252220675	0.6699371610386158	0.4141797278126931	0.7901626527123657	0.6736988411599649	0.7840283024709842	0.8246450547037389	0.7697685245253009	0.5154177065129388	0.7499754703113061	0.6361967367700542	0.5001827415645477	0.6999447750678115	0.7600047826564502	0.541316977327464	0.3707186110624461	0.6463709051687404	0.7974204664315677	0.769639630243204	0.4579088089915104	0.5026741323592918	0.47475039737503494	0.43108183854136567	0.5379357691518525	0.6802667094054701	0.6951641748520543	0.6304180982868353	0.7685990092709698	0.6879986703538966
ctrl_12	0.7456361569230691	0.6797795796311532	0.7722962422134558	0.7651577281655967	0.7526788599034124	0.7039856236707116	0.7729353535988039	0.5959931077928662	0.7103392592059075	0.7158106626464439	0.8370070487775657	1.0	0.723047406879263	0.7119092348190232	0.713786682922872	0.6817882763413312	0.4835881408889133	0.8211225054251905	0.6631521972879236	0.8112545623521267	0.8519563482999724	0.8310880805627687	0.802017297133016	0.6788593181063304	0.7389336462110695	0.857932976229478	0.7154872371516066	0.7808446899142404	0.8087510687156251	0.8254872131990086	0.7849041457401147	0.8345098183593296	0.7964588466719316	0.6769886516713529	0.7500914948887629	0.8308438595246798	0.8123305480539849	0.7550115312185988	0.7878847005330435	0.759839280765607	0.7826780436793394	0.8444829261101805	0.7177484884970279	0.5662310196969382	0.48849460643944126	0.7292828376878815	0.7969014970378797	0.6966132055068177	0.6258101221723356	0.7268643724700963	0.7271747365197839	0.6756057742510342	0.4748877716271754	0.5049444520302925	0.8373428527049381	0.441602499281977	0.7240334533393847	0.5191465837869432	0.48245522730863244	0.7821670310763934	0.505337919258325	0.3295220698411953	0.6286067922543415	0.3078152421256039	0.7112121876910361	0.5444997803035626	0.8215830708909151	0.8284210499602924	0.6144515312602502	0.42579937242410687	0.7198555735897937	0.5847159417347042	0.41567438129495	0.7706271242080476	0.76705566891545	0.4228042745456997	0.2894901953667194	0.564262442066759	0.8040321206972505	0.6558452764008421	0.27549328551932695	0.39089444069392615	0.41731149884210317	0.27413311083162456	0.42082048028520197	0.4832319854220585	0.7486899186746392	0.6178328536187572	0.7946041710393545	0.6274885173255481
ctrl_13	0.6324746938607622	0.5580806007485091	0.5902187895641228	0.6370826672104939	0.6018396266816086	0.5415137107054016	0.5826847571964442	0.5144837796486897	0.6820708478426692	0.6479352330790751	0.7414904903081008	0.723047406879263	1.0	0.7505598845380499	0.8048294652330923	0.8204814252002068	0.6329981234011723	0.7185693420483927	0.6246918489207843	0.735472469623112	0.7474732056773048	0.6790971404504312	0.6786154825809708	0.5041999170600073	0.5039093542399379	0.6629660439887344	0.5640482256480743	0.5757900073432461	0.6596669595568612	0.691527999315001	0.6304371975331916	0.6702841864525335	0.655841242948081	0.6570042718499182	0.5565525241978619	0.7348863503655699	0.6572139309798419	0.602654305414558	0.6204586868004563	0.6125734676209793	0.636619665103583	0.7060598052697312	0.6376196618053097	0.46873857486105197	0.3754605638617004	0.5599778166158027	0.625529038949128	0.4775957146044372	0.4806795379089559	0.510502764019291	0.6158365281309097	0.6033810321647826	0.4736830947518336	0.6028713906514979	0.6652681324659946	0.5813725714665154	0.5496114623091211	0.5045572179939304	0.6869641241423282	0.7014053238836933	0.31422095259322536	0.44314532575921106	0.6307888913176508	0.5656559489376565	0.6460520614182897	0.6786239624730388	0.6103653050513695	0.6527677152308456	0.6959799399795371	0.5384066801159044	0.7301393067859234	0.7797340877042774	0.6332711757619305	0.6555372496419528	0.6012799541409243	0.4869592058078288	0.4822409966921187	0.7473069998924956	0.646090008565086	0.6325266416850805	0.4700621830113444	0.5780060563354282	0.6283186987582525	0.5051740030410159	0.559951264938702	0.591582355390518	0.6215282282719318	0.6417438489282149	0.6538270620878969	0.8349703755150476
ctrl_14	0.6366783943505221	0.48729670530963565	0.6002719354138757	0.624409693867759	0.5246178211246431	0.5377243265771893	0.6399251270324339	0.4703437152590827	0.5652138859567853	0.5613091588716733	0.595696796553247	0.7119092348190232	0.7505598845380499	1.0	0.7119621557920974	0.6415261306548669	0.4872181500273923	0.6788709200085508	0.5669771153291511	0.6429596608590871	0.6882049186829785	0.6556614693441034	0.6571471455430115	0.5361872154081218	0.5203038173908542	0.6048985589742466	0.5451103329001655	0.5499223666348374	0.6518376794095191	0.669539002661922	0.6270514024293659	0.6155866021111447	0.6330178473287005	0.4981888190515453	0.5707472730804896	0.6882038836188141	0.5650013016627952	0.5620587808807115	0.6343040259961028	0.6738603504741746	0.6465337189987578	0.6807466710085419	0.6179745368519812	0.34598121111138835	0.2697736265954718	0.5297735893150857	0.5768199740528751	0.43272982094102963	0.4488404178550251	0.5661590665380323	0.5735196040204406	0.49389744933492086	0.395065577528743	0.5092426528140529	0.6199136577909267	0.5203134330761746	0.4420383657342707	0.50541483183125	0.5726817916894936	0.5663655227557745	0.34500928971627437	0.32756910961978297	0.5860839966726414	0.4110993382104683	0.535695938828581	0.4792577724525307	0.5864056325437904	0.5567797853059816	0.5359639030963738	0.4623653121778045	0.5999944032747458	0.654851847224674	0.5128952323968997	0.5851772478632017	0.5087400902697337	0.45548643198687166	0.3936172137015594	0.5762569098952348	0.5696652395018329	0.4627791304141425	0.3259511481547559	0.3980844154823574	0.5117052119930648	0.3386913227095605	0.3676539799078493	0.3962798966157025	0.589210777473722	0.682780805565544	0.5784860179385001	0.6295003923198261
ctrl_15	0.6593671799543934	0.6015343507503262	0.6202505371518412	0.7031963237995752	0.5953468200109001	0.5140145768066668	0.5982040580580184	0.42542744990305587	0.6219647156324721	0.6194404800974388	0.7629303436645737	0.713786682922872	0.8048294652330923	0.7119621557920974	1.0	0.7865560287149554	0.631467724918811	0.6751346818051326	0.5682474023987654	0.6991541421821555	0.7715994691633891	0.6769510735962634	0.6663393430294056	0.4873701727512283	0.4808774308657237	0.6146063277644092	0.5575147264597897	0.6374229284273721	0.6525347265375064	0.6771980319869347	0.6078733015420219	0.6913153393610285	0.6609200507067148	0.5432373976734326	0.5709830139385356	0.7465268502903294	0.6920435764433892	0.5421717499350548	0.5462353117759036	0.5495045785017996	0.5544862418075103	0.693008587581721	0.6421388082919246	0.5631770775990432	0.4409383466126554	0.5424628845785371	0.6925873216448549	0.5732346799888635	0.5240146159333322	0.5161922104765775	0.6774558203964569	0.6309985660512721	0.4933541925645703	0.8113080988858644	0.7339901853789961	0.74756069997545	0.5988264821358074	0.6590347683847746	0.674399670962517	0.7285420544936847	0.40876616796461746	0.6127611054646718	0.7437505352930548	0.6820044290434198	0.7171450596045951	0.7626064119819351	0.6954976171102495	0.6305938538008389	0.7781730736062037	0.622109327262606	0.7437641031122231	0.8116516473165124	0.7048187032861287	0.644868904108061	0.593002980655903	0.6551062436814392	0.6420879290005714	0.7194787231013218	0.6733250739235861	0.7145807433204011	0.5641951258918044	0.6788024256409344	0.6714018355565066	0.5616036739855557	0.628385064884015	0.6388045187319211	0.6388553980232742	0.7192562133067131	0.6409251217501404	0.8139310395691292
ctrl_16	0.6161311675586258	0.5736485787871495	0.6468107993916262	0.667980650728476	0.5947713977489038	0.558930285934419	0.5397448258167027	0.53917949282797	0.6662853190592563	0.6427376928748829	0.7637102097210898	0.6817882763413312	0.8204814252002068	0.6415261306548669	0.7865560287149554	1.0	0.7465038024995163	0.6741497759093712	0.6459922774033057	0.7158659524579384	0.7253278160273801	0.7090504886337846	0.7200455232860852	0.512270790537086	0.5147997885048443	0.6373184082107397	0.575532302577105	0.6254420946357709	0.6487997606325858	0.6977817346337842	0.6680207054320343	0.6753592040276561	0.712716520543894	0.5948913260884401	0.606967790691993	0.7359385465356163	0.6935322768385427	0.49900258809317466	0.5934084351397574	0.5257128527257643	0.5561884705432136	0.6738063400745585	0.6369724286143666	0.5108707262405976	0.39930649362535303	0.5404135936147982	0.6445585400583731	0.4663061208543891	0.46868441179179343	0.4674237706289478	0.588109594540306	0.6021766487989265	0.45474463600891796	0.6324846492237207	0.6916395637933527	0.6390194745595748	0.6187249393348027	0.5028991008362967	0.733605886664133	0.7253956793467954	0.4306062816030757	0.49696941057217114	0.6558153902686651	0.628763893092571	0.6139613934987214	0.7335268637844871	0.6257569233652686	0.6408269565429857	0.6951529680927132	0.5973187573261223	0.6957387460785001	0.7480725825320909	0.6985415329630743	0.6911356725846477	0.6223649665380803	0.5516172270150013	0.6181674199644348	0.7463359006365705	0.6575130656792703	0.6270560428300817	0.5131185170264144	0.7319811393439098	0.6447898279866033	0.6083426170144841	0.6770320929526513	0.561938951640135	0.6386904547473374	0.681055612787469	0.7118793823249826	0.7915235494883724
ctrl_17	0.3597795568581577	0.3025437116974875	0.3577574891559277	0.35791228574514666	0.2794135563304969	0.22075651730594079	0.29269559456841227	0.2267877933723475	0.33773738927664526	0.3054353531576909	0.5385406623301895	0.4835881408889133	0.6329981234011723	0.4872181500273923	0.631467724918811	0.7465038024995163	1.0	0.4403537469653725	0.46765050315421286	0.46283000970549565	0.47506478329952645	0.459855791042134	0.4295554588849532	0.3243272879603564	0.2652780003748784	0.3795202580440068	0.4012098701237106	0.4110930489519482	0.391296387577948	0.4509751348202343	0.4183750768739548	0.38646697729007695	0.4170589992042892	0.31469413057114176	0.38370810193851507	0.45519185320309635	0.3863419548345243	0.19507132008949554	0.28848236310713776	0.23357470677415318	0.29581237741270905	0.38711023259491834	0.3315783977784036	0.3058220659697715	0.27021797240662176	0.2232665623460246	0.32264738616956434	0.24661337317156218	0.21953240207220104	0.17677306590760497	0.32117527867308265	0.3613025445597779	0.27760903746384186	0.537984381744297	0.45826496424467306	0.586571838228877	0.467338971708268	0.4806569538042419	0.5889835166390118	0.5126181741057898	0.40774858152700927	0.4815501969706622	0.44170374497259934	0.6783275522549727	0.48584440916085975	0.6928389898421197	0.48087180641928823	0.4079305438584791	0.5301670558348827	0.5741165877056498	0.5421225665905705	0.6027921563122304	0.7434598290923938	0.46970825355205886	0.42144140216616555	0.5325312469064212	0.7325547009790564	0.7300276961751879	0.5010018986468223	0.503743743858864	0.565748640254451	0.729271290710406	0.6329726837402322	0.6088264402667023	0.6959782440021409	0.39671067461582504	0.45691783605027086	0.5345556841742442	0.4251086061526054	0.5542906238417433
ctrl_18	0.7129624374130545	0.6694673750180506	0.7523745803517844	0.7725845585429131	0.7459332582017245	0.739566559057089	0.8027821838564754	0.6058766644003845	0.7700921803205976	0.7933161986706728	0.719234165586521	0.8211225054251905	0.7185693420483927	0.6788709200085508	0.6751346818051326	0.6741497759093712	0.4403537469653725	1.0	0.6980089957404058	0.7974316118316804	0.8015528369039937	0.7682055422790163	0.8078914371570906	0.7414657435018123	0.7415769852071941	0.8571893753802231	0.7625746090382026	0.7291776870254162	0.8210377064536318	0.8220894271923236	0.7987985696128674	0.833779799383046	0.8192164414834764	0.7378533073134117	0.738519136127486	0.8326764656933372	0.8105812589210488	0.7401549073073964	0.764236952791209	0.7627709217893484	0.766786008346839	0.792037430946824	0.714415214274206	0.4645172744585549	0.3629205069955751	0.7861075707584969	0.7397734682994027	0.6685559854859956	0.586089684248996	0.7167946705608131	0.7243044584703618	0.6177578411768097	0.46226747089926545	0.4130727504079017	0.7704840892776783	0.37246716375773625	0.5360130992299681	0.4848838683962527	0.47318108544261367	0.724591100421474	0.3864662410554561	0.26421462254757794	0.5922376059982702	0.2852243905293957	0.6101465239672839	0.447596086994999	0.7112149049279282	0.7273958981407932	0.5357728272198952	0.36366843302721713	0.6457745565801577	0.5707676248092417	0.36840529789428345	0.789464505373182	0.7195794654450677	0.33053581861869347	0.238345879326181	0.572779054000914	0.6938436727566215	0.5571404464322717	0.22620098519332682	0.37007074769716886	0.3870225219751145	0.19294795638968634	0.36654358263098025	0.3948727211364731	0.8213482850702656	0.6750257492855727	0.7934433970516923	0.6705046635140153
ctrl_19	0.5157591554157116	0.4581722083821642	0.5790558663435608	0.5670184069881435	0.6119561318488305	0.5628270586411056	0.5443573180313441	0.3820465213096329	0.5725885916426657	0.592313925026882	0.5952835832290831	0.6631521972879236	0.6246918489207843	0.5669771153291511	0.5682474023987654	0.6459922774033057	0.46765050315421286	0.6980089957404058	1.0	0.7092577470129282	0.6387797103441831	0.5872870450089926	0.7289809535294394	0.7103597847546509	0.701399256589178	0.6859414497725318	0.7146012580744425	0.5486373929416237	0.7009657546853784	0.6488097206642081	0.7388779922343076	0.6660544188268753	0.6344583599391401	0.6882374290544176	0.6618507359626049	0.6767753460022226	0.6758764774430183	0.6529722889674461	0.7147618705098764	0.6568639173178772	0.6986212439477127	0.6455846069978352	0.5073261983565573	0.2999594860079814	0.2335598311146302	0.6152242802909488	0.5702367838842894	0.39327341445203223	0.20618373569052958	0.5556072828662753	0.428295347679715	0.3927210094447867	0.1544306137488193	0.3006514293060685	0.5247054415474142	0.32684876375975963	0.44255615267512755	0.38705644154338636	0.435950989645321	0.6365908092866558	0.3415033093434877	0.1660073554540087	0.5441583139513249	0.1687005675588785	0.45778839459639326	0.37815425085043713	0.6318923461389713	0.5139891103367434	0.46071904353670495	0.24176327377914852	0.5061226060696766	0.4616738788106608	0.3050724139949439	0.7618429363673673	0.6773564121939107	0.30316783137922054	0.21975457511107876	0.47520269049866204	0.558947245717855	0.41732576588229847	0.18706121884812288	0.3564333934558228	0.2681395231174923	0.19480335566092535	0.2252482290377276	0.2520595525503477	0.6449479801334849	0.5563852041572298	0.6002646718298055	0.4881887894199388
ctrl_20	0.7631270770425114	0.6585378470077425	0.7368590890275247	0.777585284343528	0.8071607018664161	0.7348035656568612	0.7410003525474034	0.5760217627820922	0.7818462966604044	0.7665359916084988	0.8200372945431469	0.8112545623521267	0.735472469623112	0.6429596608590871	0.6991541421821555	0.7158659524579384	0.46283000970549565	0.7974316118316804	0.7092577470129282	1.0	0.8863967182669039	0.7947977589356711	0.8131584102249154	0.6102929921901172	0.705021195477686	0.8218817768312328	0.6523996876958157	0.7036355819451429	0.8234808707357268	0.783101580961936	0.7275651384737003	0.7906588517042428	0.7373577060827845	0.7332361633699694	0.6979387938719329	0.8146644381525756	0.8384301694029155	0.8200576462718993	0.7898370250523312	0.7624479806253532	0.8351348853224608	0.837376967439991	0.7698797491156559	0.4850449074259298	0.3854968788016121	0.7950276868550914	0.7757953147236375	0.6128255525670523	0.5256410582561093	0.7828607523161981	0.7192412864083407	0.6332169044852581	0.39785376269489015	0.47404942586937265	0.791682248459194	0.44797325663040416	0.6449604869423949	0.4189844317755999	0.5263714606999449	0.7643119996003972	0.3662022232568615	0.25597855473328085	0.6005625557024104	0.31883143931808544	0.6687317179057868	0.5389697446113809	0.7331923880973478	0.7885148837826566	0.6400391895354218	0.32751823032842997	0.6217894087909178	0.6296971255797246	0.39105289741736543	0.7537337584766681	0.7456374627623047	0.3590192955814835	0.2720224912732768	0.6131240444096568	0.7714170145542263	0.5964118931765575	0.2857225884582754	0.39565577730843837	0.4093784158045783	0.2622367075697062	0.4358119194988477	0.5004298060154018	0.7411872207452911	0.6191256477681155	0.821884213927406	0.6483392979314834
ctrl_21	0.7830785551292165	0.6640514695221833	0.6950905827794251	0.7800834590478563	0.7884642582705476	0.6962370628112472	0.7437444456205986	0.5436523382017746	0.7513610846760499	0.7158839306991538	0.8277743434237615	0.8519563482999724	0.7474732056773048	0.6882049186829785	0.7715994691633891	0.7253278160273801	0.47506478329952645	0.8015528369039937	0.6387797103441831	0.8863967182669039	1.0	0.8051635727801068	0.7943805484962518	0.5572275236071705	0.6721836811360689	0.7963064530444316	0.5865024068974568	0.7314173876692432	0.8101284326855002	0.8172551532708618	0.6971189705280334	0.7972460239580846	0.7380530563979429	0.6518376794095191	0.6814250619669475	0.8170829019192912	0.8415439839019967	0.7370972159684931	0.7476037959367979	0.7429951315647028	0.798759562132759	0.8333558050340426	0.7682617876506288	0.5393739777188711	0.3821591972888518	0.7589440934275063	0.7730783605653846	0.6473454557737203	0.5619417584403864	0.749260068306642	0.7286844828834674	0.6601592013983317	0.4113367749034493	0.5696279279991205	0.8303250934273658	0.5267784950307692	0.688367358459923	0.48934714198141627	0.5618682463005914	0.7736025860730428	0.39846819321602217	0.3634390100236852	0.6626183686225516	0.42687870243542836	0.7086923133344746	0.630984998232104	0.751980414417652	0.8299476364267612	0.72772795220603	0.41318199720318655	0.6983916198366685	0.7207744490544462	0.5047341940638699	0.692408875019518	0.7771249602043305	0.43627780352471585	0.36643071235524477	0.6816991532953016	0.8239583942827305	0.6827235230278764	0.38821383295986506	0.47695070903234627	0.48770204390728283	0.3751751665624562	0.5131620565762405	0.5737909602409902	0.7378495392325307	0.6213066760079976	0.8107840418704962	0.7145977030841855
ctrl_22	0.798127689430036	0.6619050072718399	0.8049956710179015	0.8006038179138817	0.7284697789549713	0.6731571721613807	0.8174642777921485	0.6374167749579719	0.7194010511022392	0.7059343028671253	0.7708190450143632	0.8310880805627687	0.6790971404504312	0.6556614693441034	0.6769510735962634	0.7090504886337846	0.459855791042134	0.7682055422790163	0.5872870450089926	0.7947977589356711	0.8051635727801068	1.0	0.7951105438322542	0.6276027724310865	0.7063464256216284	0.8178901871597936	0.6671383972257583	0.8162492187792764	0.7948873996043607	0.8285884125738479	0.7595282130081702	0.8033064775314718	0.8106585395431911	0.636255659488936	0.7706273994536268	0.8255584442914877	0.8011244832868547	0.7022608136232832	0.7576362048055052	0.7235192209360074	0.7289809535294394	0.7927412619884651	0.7917483915776385	0.4918836478192184	0.43570676890029497	0.7024772293836654	0.7488978266899564	0.613752171911209	0.6455303356886002	0.7604304729828495	0.691639933823138	0.6361261353852277	0.5060898308348635	0.4998101744142838	0.7910215398770817	0.4235228672873325	0.6757075330169044	0.4381121757061874	0.4537909758739891	0.6964191353809447	0.45798395477825543	0.26663308631429344	0.6017757885963169	0.31860461763773706	0.6451107939635022	0.49319246664444427	0.7704960988281907	0.7610085144872297	0.5743902325271271	0.41380830876296615	0.673089984909485	0.6197525399383053	0.39996065332451436	0.6653366187952757	0.6727552255185254	0.354734024105017	0.30651908271374345	0.5051502593574717	0.770435753892891	0.5852037844041104	0.24466509110372794	0.3851378108833546	0.3958992729918598	0.23170782379818325	0.48512469733098273	0.45876358159910124	0.8019208639989287	0.6750868045450948	0.8451520829037267	0.6484874849589655
ctrl_23	0.7087869385587887	0.6922850685945295	0.7588192944566367	0.8021454622918376	0.8206122308803956	0.7115727561584869	0.7212123571347328	0.6077999039213987	0.7875014091815979	0.783484611807075	0.7455981500258227	0.802017297133016	0.6786154825809708	0.6571471455430115	0.6663393430294056	0.7200455232860852	0.4295554588849532	0.8078914371570906	0.7289809535294394	0.8131584102249154	0.7943805484962518	0.7951105438322542	1.0	0.802091072238272	0.8585418324790427	0.8801376455256844	0.7472276819574022	0.8005156270363749	0.8577963646448962	0.8708826968756376	0.8463096803847951	0.8471763248341582	0.8438606890249515	0.786380366777592	0.8578057778475432	0.8500449806269421	0.8611349834734261	0.796107779139447	0.8742143689990548	0.7977131440794187	0.8191340780607977	0.8615623700336517	0.7175358126828713	0.48402700896242157	0.4271081635025055	0.7703604206365098	0.7953252079058315	0.5919062870731564	0.51969043337842	0.7289514365354394	0.7032997784207321	0.6268270857434977	0.47297926413248786	0.4433323972632262	0.7606821820363181	0.4103756505134344	0.6377226816969015	0.4404237942839145	0.5427263345435513	0.7512960406134055	0.43360765703968457	0.2544627525204991	0.5866442691902409	0.26268993886856146	0.6108130430839172	0.49774277672811407	0.7022754080735399	0.7572553120060418	0.5726365918996488	0.3301983191168868	0.6484491145383937	0.5635156254638871	0.3577749115760695	0.7728905463820344	0.7353707109793511	0.3519492292207626	0.26152649837489617	0.5375264678473732	0.7207792019213042	0.5699484677269672	0.2570542059816081	0.3951983487965079	0.3818650516193785	0.2635413195213604	0.3853757269355158	0.41293827235881114	0.7696854216328964	0.6444523280797997	0.8567491832958748	0.6487554493875356
