// dataSetFormat = SimMatrixDataSetFormat
// dataSetType = GeneExpressionDataSetType
// dataSetFormatVersion = 1
	ctrl_1	ctrl_2	ctrl_3	ctrl_4	ctrl_5	ctrl_6	ctrl_7	ctrl_8	ctrl_9	ctrl_10	ctrl_11	ctrl_12	ctrl_13	ctrl_14	ctrl_15	ctrl_16	ctrl_17	ctrl_18	ctrl_19	ctrl_20	ctrl_21	ctrl_22	ctrl_23	ctrl_24	ctrl_25	ctrl_26	ctrl_27	ctrl_28	ctrl_29	ctrl_30	ctrl_31	ctrl_32	ctrl_33	ctrl_34	ctrl_35	ctrl_36	ctrl_37	ctrl_38	ctrl_39	ctrl_40	ctrl_41	ctrl_42	SLE_43	SLE_44	SLE_45	SLE_46	SLE_47	SLE_48	SLE_49	SLE_50	SLE_51	SLE_52	SLE_53	SLE_54	SLE_55	SLE_56	SLE_57	SLE_58	SLE_59	SLE_60	SLE_61	SLE_62	SLE_63	SLE_64	SLE_65	SLE_66	SLE_67	SLE_68	SLE_69	SLE_70	SLE_71	SLE_72	SLE_73	SLE_74	SLE_75	SLE_76	SLE_77	SLE_78	SLE_79	SLE_80	SLE_81	SLE_82	SLE_83	SLE_84	SLE_85	SLE_86	SLE_87	SLE_88	SLE_89	SLE_90
ctrl_1	0.7075513641198529	0.5304781682175851	0.5583702680601168	0.5498172367119193	0.5548830938652053	0.5648646200019136	0.5824095399993198	0.48322008957251994	0.5141911629532452	0.5187626478831233	0.529201376899766	0.5275758799680021	0.44750833241246857	0.45048266642834955	0.46653614763259155	0.43594444808286337	0.25456251623742565	0.5044575451578219	0.36492609397168996	0.539951604358225	0.5540682998946805	0.5647163353980482	0.5015031652476053	0.34760219580481155	0.4552914794870685	0.5138925971948732	0.3882931519663311	0.4692677844481947	0.49787606410685514	0.5263593049412382	0.4828740267322891	0.498800308877804	0.4992707053968699	0.4345104569736079	0.46931098415443673	0.5408952973811068	0.5032287535136051	0.4884772538238029	0.4647354152683051	0.505077462426869	0.5076495234523695	0.5381593159857803	0.6413052543412333	0.42438981003275544	0.36732448179890076	0.5405959995897003	0.5747549468134971	0.49654792554544036	0.4676009957823577	0.5616234439866157	0.5166465768154246	0.4914352337095397	0.3524889915815258	0.38055238771289246	0.5015355650272868	0.2994625839769325	0.45362393847002613	0.2859978306838803	0.2811879192094485	0.46200364453199205	0.2943353739885858	0.16035841334777012	0.4107345824739681	0.2037956919119165	0.4167953157147387	0.3400298632660588	0.5148609900287665	0.5067308092074371	0.3911455055233295	0.2634064507923116	0.4677401948358041	0.4141841350374753	0.2800215278407443	0.42121693939341465	0.45631702325411005	0.2596336787108243	0.20523568125599556	0.37165404976009864	0.5011119679077471	0.40658459127409774	0.1895013976896912	0.23320147430913207	0.258245619398917	0.16590237232247473	0.31185645484523605	0.36809007613350286	0.4890623809384691	0.39319231314609226	0.5178002544273989	0.4151609278092089
ctrl_2	0.5304781682175851	0.7075513641198529	0.540150802884156	0.5461368617384692	0.5377376207417033	0.5386016143481508	0.4957730771453739	0.4830532907067522	0.5416883924704271	0.5535456113589717	0.496717597789464	0.4809789688688426	0.3948706903484346	0.34478744857294263	0.4256164504383434	0.4058858344462625	0.21406521591744077	0.47368255442775886	0.3241803710426058	0.4659493519748792	0.46985052310621367	0.4683317908129514	0.4898272446438653	0.35941852254358797	0.4336070269413458	0.48238683033754226	0.34524099305838996	0.43238483525224924	0.4354644510588448	0.4787484572615025	0.4856976058378042	0.4800432476800536	0.5051986615299956	0.4220689341110475	0.45499628149441484	0.5101683063246459	0.4912348350722504	0.47632373646772097	0.4453189473002873	0.43955194731566904	0.43962078604778376	0.5052495397722585	0.5445007706943948	0.4233278147055318	0.37924279360339563	0.5107174206911788	0.558499867101084	0.4895483773420958	0.4828852918491443	0.4920419588895928	0.5438347756227582	0.5047563431259957	0.3991362463918485	0.34740141313951955	0.47987451232244516	0.25208093460112935	0.40331665037520326	0.2905721995781718	0.2717883887659721	0.46507683100998043	0.23675616552720335	0.19552175313906195	0.35414176730511127	0.15420845885743228	0.3905635098300976	0.29330098102245805	0.4211284836492968	0.49438168577200015	0.3453478444260134	0.2064500722695023	0.42672927371006775	0.3202524301320747	0.2090924527158875	0.43694404188538194	0.43000361797330444	0.21172043326883194	0.13865897392361803	0.3203928290931224	0.4449175500297887	0.38630234136274344	0.15987241694414345	0.22498033514556048	0.21767629527032106	0.1518732761377839	0.2919761900310367	0.3075817238952986	0.41819810533409574	0.3681520683956052	0.4866160664798769	0.4126217465991495
ctrl_3	0.5583702680601168	0.540150802884156	0.7075513641198529	0.5999775601661629	0.5770020085146979	0.5719692487767757	0.5999792956105612	0.5281148919498947	0.573100678385139	0.5910532262062324	0.5225493331350288	0.546439259682767	0.41761010968526346	0.424723226744952	0.4388591136578567	0.4576518634369976	0.2531317994763701	0.5323436606570069	0.4097117681329896	0.5213656536055372	0.49181229003244575	0.5695757851392925	0.5369036269132575	0.4478539300629375	0.4910759660379398	0.5677020829141026	0.4787481827008271	0.5301824766497683	0.5267137938159207	0.5491766311177171	0.5851043436960165	0.5750148244121707	0.6012178147882478	0.46913818533001694	0.5455771627290941	0.5895820370930316	0.5362880314686637	0.4929023525226801	0.52730249796161	0.5197144668150314	0.5032294761019674	0.5315756663401648	0.5864723327521039	0.4118518426206298	0.35873815462552894	0.5539645928140234	0.5835011565215138	0.4953930613862749	0.5003470974315691	0.5495990277385441	0.5489462329609024	0.4977539166211066	0.40579217819334046	0.31144449531079077	0.515306186734311	0.23380955405433346	0.40626221288658426	0.3025213613419805	0.23848951661463302	0.475725123254514	0.23501466089155165	0.13893831302426174	0.38952911748460073	0.13643273306890136	0.4120177283889389	0.2531357267956673	0.5031017997163683	0.5081019203766467	0.30965374730078754	0.23408315186555095	0.42924162361206253	0.33424635055996144	0.20024582256418533	0.48256849400392765	0.4508422177930236	0.19749544456720936	0.12831119804118163	0.2782907982043803	0.4588550044730495	0.341395893363619	0.062314126017757765	0.18804672015700474	0.17327631775527974	0.06688848942285053	0.24123781484021356	0.22323283866805665	0.5123081260657575	0.47313055818188443	0.5467123543286765	0.39452186835581915
ctrl_4	0.5498172367119193	0.5461368617384692	0.5999775601661629	0.7075513641198529	0.5819560935250127	0.5265813032984504	0.5689444234830399	0.5036835504209861	0.5855379206033606	0.6022556801305041	0.5247794069691616	0.5413883943304155	0.45076871024189924	0.44180193066579265	0.4975475181484552	0.4726306206286002	0.2532413260142331	0.5466432582949725	0.4011946473455269	0.5501815286567869	0.5519491155766441	0.5664683234845292	0.5675591160671397	0.4481759722474157	0.5057919360839636	0.5493523347928215	0.44646762618931735	0.5414580935540928	0.5598436799076484	0.557062277739245	0.5628942345827653	0.5749709452151089	0.58755045212676	0.4667434571290128	0.5233970163694177	0.6063296524274924	0.5598767683071044	0.5302573697190149	0.5461392617221493	0.504950263368142	0.530410968674542	0.5814982212812242	0.5822068916691064	0.4251914065057333	0.3372683042146095	0.57826732082193	0.6137978578959621	0.5065726513624711	0.49709919519460166	0.5513983196525338	0.5857252656331396	0.5091903129750007	0.40201022512440643	0.36563408915732265	0.5514036259244727	0.28811906791894926	0.44143321405251534	0.3219747860405838	0.3108576996530785	0.5016814699496744	0.2301310105782569	0.1699295425214159	0.38594995100946206	0.2177695885050842	0.43818155745655374	0.3331971097287828	0.47597407779191003	0.5263230877353138	0.3855859466640641	0.2519765353736836	0.46280102842213566	0.3756020205451156	0.24224340739882888	0.4850865434018812	0.44411791352751984	0.23366827085483777	0.17790228352313397	0.34234906661696873	0.47957331437059125	0.40475940478047745	0.14367013684101326	0.2682664148285785	0.2547896428995572	0.16547997544821158	0.29613656174050906	0.29027785194394784	0.5281088919942943	0.43713484070242936	0.5871237830274044	0.464834560224338
ctrl_5	0.5548830938652053	0.5377376207417033	0.5770020085146979	0.5819560935250127	0.7075513641198529	0.5642029109074786	0.5476152516860222	0.4761756763000812	0.6231931377564512	0.5940112043171949	0.555623488386286	0.5325589540688351	0.4258324488399552	0.37119405497832614	0.4212384546231289	0.42083131381670846	0.19769944293522246	0.5277860943829966	0.4329903958711485	0.5711076556695206	0.5578789614990739	0.5154297858196777	0.5806253033728596	0.456683470022072	0.5585310668702057	0.5875427241889726	0.41631496978664595	0.4979819149339191	0.5451888681854283	0.5473070460743973	0.5406566992771717	0.5841659512031563	0.5463590536583367	0.5357761321920262	0.5167137763181483	0.5667054063800948	0.5973315797464174	0.5957451914856902	0.5744573490157207	0.5574565648782469	0.5708285758686413	0.5978631758126065	0.5657316986771767	0.4250841764590202	0.36757728391249467	0.6170696879732621	0.6196688671798285	0.4841971509535583	0.4203988890482967	0.5851187435808174	0.5464838526599446	0.51128621648209	0.34649105260234514	0.29339902884723934	0.49327794974326067	0.22161285162795286	0.4484371260972049	0.272243185400477	0.2289927925884252	0.5122709405255921	0.23768704111593852	0.10796176083667919	0.3627333157735285	0.08031158203810962	0.43101117644135445	0.3006529751680379	0.4827427625886652	0.5548392025631614	0.3988562336808965	0.14577585832389928	0.43238680033775534	0.3279944005755614	0.17113885541992258	0.4983783864966701	0.5245744279353425	0.20000822446497024	0.061747730548921465	0.3293527897084483	0.4981475137084882	0.39651385241994663	0.13415995125115587	0.17345723687287096	0.19292377236411928	0.09850103652247377	0.2289739055931398	0.3048777855084819	0.49124829454440955	0.37957919433109133	0.551527918693501	0.40797136075987983
ctrl_6	0.5648646200019136	0.5386016143481508	0.5719692487767757	0.5265813032984504	0.5642029109074786	0.7075513641198529	0.5636363427426145	0.5005714957710214	0.5576111837136917	0.5679569971183236	0.46539735605964894	0.49810598834897735	0.3831487646992102	0.38046758079011955	0.363691714997046	0.39547188626079754	0.1561965749581663	0.5232813277182691	0.3982290531050787	0.519911265240644	0.49262348354289764	0.47629327542984756	0.5034742742904609	0.4121457728783806	0.5034166747166977	0.5283543976955843	0.421333338672767	0.42575924938163123	0.4901056427513216	0.5074937645806493	0.5204848606518807	0.5142929101874845	0.5079929605870813	0.493586819079325	0.4929407522385222	0.4986971096414784	0.4939691446284187	0.5030722772652387	0.48503161076616763	0.5173000861300769	0.5220357369356406	0.4853868081377072	0.5780508001243649	0.32928745544219407	0.2758212179610222	0.5985826358696791	0.5567245707342001	0.4580157604046827	0.39531307468331855	0.5840723519519504	0.4881883190242138	0.4373631635126687	0.26960766766942457	0.20802566061014893	0.44684309336118955	0.17120845486312708	0.3589789344128439	0.2140232162282384	0.2056121796333289	0.4142014308726991	0.18974379589594448	0.04834383778006368	0.3485122210096273	0.07438362946173027	0.3012490145386496	0.21079524011526107	0.46657649191883055	0.4689437866519278	0.2788283939036147	0.12001686439585069	0.3728528408890446	0.29448586864381676	0.15777336234386719	0.45287829589725337	0.45548858062212105	0.13481754599039797	0.03868151507864526	0.32042486113187696	0.4238020638648037	0.2906218995555695	0.0468294498951668	0.1564365730381816	0.14624051782019454	0.053702994906806634	0.1825354492377086	0.21937606952220978	0.45717096716302863	0.3766932139557557	0.4796196508146703	0.35553418025732386
ctrl_7	0.5824095399993198	0.4957730771453739	0.5999792956105612	0.5689444234830399	0.5476152516860222	0.5636363427426145	0.7075513641198529	0.5009684449340946	0.5162724352818544	0.5464073632128095	0.47582740080856356	0.5468914638152945	0.41227939480618936	0.45277989656636874	0.4232600973009826	0.38189718778324033	0.2070971672087515	0.5680096292787636	0.3851607629417021	0.5242958102582072	0.5262373970554183	0.578397964871085	0.5102947871107747	0.4369948792361682	0.496888470229937	0.5786614405719601	0.46224619064585615	0.5487989483849818	0.555130617676033	0.5796658337420874	0.5437008783037585	0.5643947375855303	0.5680835125018635	0.4210565684907084	0.5365674242204295	0.5685028262209427	0.5179351397405898	0.5095879914929075	0.5158747525149903	0.5564315917349163	0.5401422020568075	0.5413625944903746	0.5799874315552224	0.3542877065227995	0.30017573427456246	0.5686355087482894	0.5369341243176806	0.5104191046197954	0.4984736604017582	0.6008480897027619	0.5353333352030455	0.45332514032257465	0.34386263720365395	0.28208140203372123	0.5245290988580446	0.22747902861210867	0.3928159266383028	0.31014562803552503	0.21909708560931507	0.4358177967085889	0.2855637804429757	0.12428573032646273	0.4067462291118157	0.125144924483943	0.39945705916162466	0.25012800014480707	0.5054187386222807	0.5056506947636012	0.3038777091011363	0.18661210650714954	0.42212413376880964	0.3624709106674079	0.17289619977530546	0.4520859947259215	0.46279022849611884	0.18858009312484192	0.10308547448818717	0.29023740185521585	0.47281541948284733	0.3394778670200881	0.07823484347246012	0.13283087221950396	0.18358361271999712	0.022303223807433548	0.19776032482438477	0.23984494452388938	0.5302153700052051	0.4327439030416349	0.5430911837731214	0.4015246451020419
ctrl_8	0.48322008957251994	0.4830532907067522	0.5281148919498947	0.5036835504209861	0.4761756763000812	0.5005714957710214	0.5009684449340946	0.7075513641198529	0.49534767978283756	0.5063163325180678	0.39709907519541754	0.421695736424873	0.36402370010796825	0.3327923373367636	0.30101177251293754	0.38149718565588053	0.1604640125663358	0.4286888603848783	0.2703175373098752	0.4075649840191916	0.38466195350161325	0.45100510863439025	0.4300496511315012	0.3087860364649925	0.40471062343688957	0.44929707520172435	0.33670064088435603	0.39166671213548643	0.40988540964889697	0.440807138027258	0.45330144556938434	0.3940974836786917	0.47870045761669977	0.40624823219939643	0.4086429966967514	0.47746852868313383	0.39441589344105354	0.3890759297528067	0.4132857651259261	0.40200662515104624	0.40724980617044704	0.4034470320293112	0.5077222428554943	0.4312861796887488	0.43115920942192787	0.46289657456543154	0.5159913816638686	0.4978259160883106	0.5105271038848225	0.45376464214172985	0.46539015611292855	0.5273365895803198	0.45645382224179754	0.2387037522836134	0.42339329639471346	0.16377238808435768	0.38196998272453886	0.31819001177704886	0.20503528273894467	0.37887281030742326	0.25245565877064924	0.11566594407203468	0.2558120359472845	0.12688946101801124	0.3649352994788495	0.2271766306680404	0.38935391878107106	0.5098207900495564	0.2767587519852852	0.22124476278879512	0.4381843958152374	0.2395350274408401	0.15919442196130618	0.3780952067481492	0.37186044823275	0.1424977455167088	0.08632136122194256	0.24563578229525518	0.4386895923799008	0.34799622482799897	0.07715102908239868	0.13728978405562275	0.2071673667310352	0.060057155577059596	0.18123734305519612	0.265271236992894	0.46347017032082305	0.34846619044804494	0.48420168289768517	0.33526671902633953
ctrl_9	0.5141911629532452	0.5416883924704271	0.573100678385139	0.5855379206033606	0.6231931377564512	0.5576111837136917	0.5162724352818544	0.49534767978283756	0.7075513641198529	0.6493127251995837	0.5131963691209669	0.5026015118390256	0.4826001588174652	0.3999178560282064	0.440071982980172	0.47143108639340814	0.23896655049696813	0.5448797726838706	0.4051358390962335	0.5531964137341243	0.5316265604091114	0.5090131950566453	0.5571976963127461	0.43577328607708987	0.4878627261895485	0.5510076286178616	0.4279809619719933	0.4584407086060521	0.5216436052033028	0.5281717839015891	0.5384221141993506	0.5637239421469387	0.5642651384668042	0.5391035074278504	0.47522260455830023	0.5864187151424346	0.5807583502366961	0.5535077191906037	0.5366700235843134	0.4984503860070735	0.5240743016777869	0.5615656692313149	0.550422032599914	0.4008499295864273	0.3280419447843511	0.589899364154088	0.5846254000170401	0.45665827019343086	0.44568478769275954	0.5321329569656151	0.5817838193397867	0.5207287224203777	0.4205877154731771	0.2829333967513541	0.4947284836218535	0.21635630424662633	0.39339312340600086	0.272108263867176	0.2785710811861879	0.4810630247767955	0.1618097477179563	0.11872976810700175	0.3402966410992494	0.15067955084850204	0.3994690590800254	0.2845041870124547	0.4234568959627518	0.5114352623700227	0.36628928470246713	0.19656963879593714	0.42503771570460214	0.3243039702025756	0.20182080308802375	0.5130192534996724	0.45147070546886725	0.17863696073813506	0.10787944188921228	0.34377863777485007	0.4476815753126766	0.3557845561346139	0.09938469965345342	0.22876181988912891	0.22533975383192972	0.10675024956771917	0.2641715130750295	0.2707663342584614	0.485707672657515	0.4393216662061612	0.5404200003344581	0.47859652101334105
ctrl_10	0.5187626478831233	0.5535456113589717	0.5910532262062324	0.6022556801305041	0.5940112043171949	0.5679569971183236	0.5464073632128095	0.5063163325180678	0.6493127251995837	0.7075513641198529	0.47907771774064833	0.5064728108070272	0.4584474580264144	0.39715506105261966	0.4382859566839994	0.45476993136487043	0.21611120077715318	0.5613119585478108	0.4190925256399546	0.5423635865095574	0.5065246517176685	0.4994847789726319	0.5543556058510093	0.4454063894188288	0.48623566906657933	0.5650722184656851	0.4395388649903751	0.4709759728325137	0.5282070760545865	0.5336936506670811	0.5546538955612726	0.5721113663759918	0.5945440003745043	0.5463905633169687	0.4804709082669527	0.5892957682579048	0.5585669772136839	0.5607047626767427	0.5399005041457008	0.5260437072766608	0.5389813103962182	0.5497614370913567	0.5649306195135173	0.3859635791080609	0.31775764859345756	0.5891188405206862	0.5927440136944053	0.4753176826492339	0.45912785339972584	0.5210337443503855	0.5936536069634154	0.4927684246438413	0.3992490455571347	0.251583264702929	0.5092251127383624	0.19101458649209435	0.361390110319744	0.24287372392780615	0.26477804064254695	0.46031405196619446	0.13284047215391837	0.08839854585077667	0.3315069212220646	0.15742323506808886	0.37924039362115547	0.24326852124318443	0.4217176792892492	0.4900797124442341	0.3063493330149909	0.1888102028045332	0.42287609991164954	0.31537446622900667	0.20288369866066647	0.5213179187673604	0.4413015343687251	0.14677571385974386	0.11587834250028639	0.3336275311563295	0.4199829195852758	0.3173184518435135	0.04733724970436071	0.21549320535031924	0.20843275812637374	0.07981980933342536	0.24322412154510242	0.21103043837479396	0.4913987636492375	0.4225621310532265	0.5480988483969599	0.45121226102934964
ctrl_11	0.529201376899766	0.496717597789464	0.5225493331350288	0.5247794069691616	0.555623488386286	0.46539735605964894	0.47582740080856356	0.39709907519541754	0.5131963691209669	0.47907771774064833	0.7075513641198529	0.5922254791404988	0.5246426078993952	0.4214860810030764	0.5398124053882972	0.540364200680416	0.38104518026573464	0.5088951149823471	0.42119371135189176	0.5802185063831572	0.585692865872898	0.5453940667894749	0.5275489881360096	0.39368191011059117	0.45590707530101693	0.544685569326885	0.4232573561668128	0.5249906055330114	0.5160667513245977	0.5441431733406151	0.5110354183379963	0.549161536204731	0.5192625574571683	0.4601866977809196	0.46691220046616577	0.5616647561487872	0.5715478889434841	0.4852048760759716	0.4831180902661152	0.4614073855854297	0.47533254320783513	0.5875221803183028	0.513888997221513	0.5023930668186504	0.4230844691750043	0.47966885045059304	0.5701169811344422	0.48211923231776765	0.4400443831673234	0.47601847746335246	0.5160465812553916	0.5329093516855375	0.3494962137280814	0.46539901075585577	0.5656955287395335	0.3947370789456869	0.5534105197932399	0.39772187096040634	0.3960798690090406	0.6059082113523125	0.36387370112796136	0.330707952761209	0.47401495216745415	0.29305343140466034	0.5590806628031959	0.47667653406869726	0.5547402949219175	0.5834787333703212	0.5446507695844031	0.36468450133475583	0.5306461670751929	0.45014186895025077	0.35390498110320356	0.49524688040779363	0.5377424207061836	0.3830095657292826	0.2623024589618509	0.45734061567952633	0.564215938800745	0.5445595702592781	0.3239940024444403	0.35566776805858036	0.3359102912791482	0.30501254290723745	0.38061718727225546	0.4813236382051639	0.49186436020382296	0.44605318540869376	0.5438232774708421	0.48679439772154454
ctrl_12	0.5275758799680021	0.4809789688688426	0.546439259682767	0.5413883943304155	0.5325589540688351	0.49810598834897735	0.5468914638152945	0.421695736424873	0.5026015118390256	0.5064728108070272	0.5922254791404988	0.7075513641198529	0.5115931790607449	0.5037123502257206	0.505040741192663	0.48240022496623214	0.3421634487581342	0.5809863488231048	0.46921424181014815	0.5740042722407015	0.6028028764102139	0.5880375051059372	0.5674684326341828	0.48032783657160716	0.522833509370699	0.6070316476545724	0.5062439706569639	0.5524877255145643	0.5722329219031294	0.5840746037624543	0.5553599990217459	0.5904585603515543	0.5635355434280499	0.47900424398372565	0.5307282604232438	0.5878647061772906	0.5747655873918247	0.5342094388399384	0.5574688946313167	0.5376253196175531	0.5537849174719743	0.5975150463451832	0.5078439221310346	0.4006375303935439	0.3456350251514173	0.5160050666352578	0.5638487412983046	0.49288962382025225	0.4427928056230478	0.5142938782713374	0.5145134767780677	0.4780257871785686	0.3360074906186451	0.3572741358387851	0.592463077667388	0.31245645076569917	0.5122908575786895	0.3673228735366132	0.3413618542089766	0.5534233498076775	0.3575525341127159	0.23315379002373515	0.4447715933545643	0.21779509446285383	0.5032191535794575	0.3852615623167459	0.5813122225466447	0.5861504439650057	0.4347560191287224	0.3012749268000541	0.5093347930627377	0.41371656219701436	0.2941109755149177	0.5452582729611634	0.5427312848969928	0.2991557412105146	0.204829182631045	0.3992446606059348	0.5688940237955178	0.4640442199689778	0.1949256499750599	0.2765778947398544	0.2952693202686305	0.19396325651933477	0.2977521048753663	0.34191145047172233	0.5297365732610226	0.437148478376013	0.5622232651542202	0.4439803564032355
ctrl_13	0.44750833241246857	0.3948706903484346	0.41761010968526346	0.45076871024189924	0.4258324488399552	0.3831487646992102	0.41227939480618936	0.36402370010796825	0.4826001588174652	0.4584474580264144	0.5246426078993952	0.5115931790607449	0.7075513641198529	0.5310596701585365	0.5694581860095261	0.5805327516354074	0.4478786856978064	0.5084247181810454	0.44200156985845396	0.5203845491544299	0.5288756863200164	0.48049610809559395	0.4801553104130182	0.35674733910492484	0.3565417509852222	0.4690825287893714	0.3990930914866776	0.40740100514229394	0.46674825709925294	0.48929157924240163	0.44606669910650687	0.4742604904724559	0.4640413660939745	0.4648642687799802	0.3937894977005446	0.5199698396742192	0.465012613383358	0.42640887588877296	0.43900639022567545	0.43342719263885243	0.4504411124695641	0.499573578368796	0.4511486614999861	0.3316566180585331	0.26565763413355525	0.396213068023368	0.4425939248050361	0.3379234993661655	0.3401054627519823	0.36120692706880464	0.43573597555385934	0.4269230723922367	0.3351551198521734	0.4265624748443	0.4707113746317815	0.41135095600299965	0.3888783398927257	0.3570001478681234	0.4860624031383043	0.4962802937148344	0.2223274636423762	0.31354807974426635	0.44631554052345346	0.4002306382933487	0.4571150173489539	0.48016131037221843	0.43186480420052664	0.4618666873649845	0.49244155593257477	0.3809503809672494	0.5166110625139039	0.5517019174059105	0.44807188426813704	0.4638262752155402	0.4254364517703335	0.34454865034004944	0.341210275044026	0.52875808719025	0.45714186690443404	0.44754508816642813	0.33259313881083263	0.4089689736296688	0.4445677524084125	0.3574365549695575	0.3961942813480157	0.41857490254579655	0.4397631457528006	0.45406673572468326	0.46261622967876714	0.5907844281953377
ctrl_14	0.45048266642834955	0.34478744857294263	0.424723226744952	0.44180193066579265	0.37119405497832614	0.38046758079011955	0.45277989656636874	0.3327923373367636	0.3999178560282064	0.39715506105261966	0.4214860810030764	0.5037123502257206	0.5310596701585365	0.7075513641198529	0.5037497945324098	0.453912688863382	0.34473186667583255	0.48033604551334963	0.40116543137588	0.45492698511488505	0.4869403290081339	0.46391416703524746	0.46496535925642524	0.37937999568564196	0.3681416757516657	0.42799680055636147	0.38569355963933927	0.38909832067249706	0.4612086392509246	0.4737332346648887	0.44367107516216464	0.4355591400576455	0.4478926413896348	0.3524941785091794	0.40383301163578655	0.4869395966470724	0.3997674417210032	0.3976854571276889	0.44880267886025715	0.4767908102042844	0.45745581482705266	0.48166323569214253	0.4372487265409536	0.24479947788170164	0.1908786975011859	0.3748420257945596	0.4081297594926899	0.3061785751021652	0.3175776499254478	0.4005866198378073	0.40579457817414055	0.3494578140122392	0.2795291882972596	0.36031533366659574	0.4386207542064978	0.36814847934293116	0.31276484866859366	0.35760695370860696	0.40520178291650266	0.40073269821630175	0.24411179357277146	0.23177197035500308	0.41468453133454275	0.2908738975395856	0.37903239227162777	0.33909949066383016	0.4149121052339241	0.39395029660760605	0.37922199075483987	0.3271472073531072	0.42452685850132355	0.4633413178002236	0.3628997213329953	0.4140429599775096	0.35995974485280713	0.32228004629039564	0.278504396495594	0.40773136267986454	0.40306741730118456	0.3274400050107258	0.23062717951332978	0.28166517120939627	0.3620577207729315	0.23964150739870682	0.26013407500789176	0.2803883814237146	0.41689688935565106	0.48310249037275266	0.4093085711166474	0.4454038612998755
ctrl_15	0.46653614763259155	0.4256164504383434	0.4388591136578567	0.4975475181484552	0.4212384546231289	0.363691714997046	0.4232600973009826	0.30101177251293754	0.440071982980172	0.4382859566839994	0.5398124053882972	0.505040741192663	0.5694581860095261	0.5037497945324098	0.7075513641198529	0.5565287910739609	0.4467958501639647	0.4776924650758444	0.4020642247248094	0.4946874670310297	0.5459462569607103	0.47897765556543503	0.4714693111271825	0.34483943056145994	0.34024548218349304	0.4348655456064011	0.3944703052235309	0.45100946253005847	0.46170183589718783	0.47915239131163545	0.43010158371809626	0.4891411114018748	0.46763488345169835	0.3843683617647562	0.4039998104014758	0.5282060912750197	0.48965637654290173	0.3836143612537958	0.3864895399774737	0.3888027141090531	0.3923274967765945	0.4903391714902192	0.45434618976124796	0.39847670949623526	0.3119865286385368	0.38382035396793424	0.49004110420193236	0.40559297978692765	0.37076725632236995	0.3652325026707446	0.47933478985244715	0.4464638961672487	0.3490734319433103	0.5740421520881779	0.5193357569154924	0.5289375930300217	0.4237004943062832	0.46630094937305855	0.47717240715150877	0.5154809244756868	0.28922305974941	0.4335599560511175	0.5262417058114717	0.4825531641054531	0.5074169651950444	0.5395832070843647	0.49210028772846415	0.44617754146237865	0.5505974197514081	0.44017430313634087	0.5262513057404323	0.5742852302489241	0.4986954349672862	0.4562778727801331	0.41958006789022284	0.4635213163602351	0.45431019004924555	0.5090681519855501	0.4764120745507341	0.5056025797101282	0.3991970309545183	0.48028758223010815	0.47505128462057933	0.39736344562320103	0.4446147098512271	0.4519870086346969	0.4520230083466992	0.5089107148768447	0.4534874441929946	0.5758980173466273
ctrl_16	0.43594444808286337	0.4058858344462625	0.4576518634369976	0.4726306206286002	0.42083131381670846	0.39547188626079754	0.38189718778324033	0.38149718565588053	0.47143108639340814	0.45476993136487043	0.540364200680416	0.48240022496623214	0.5805327516354074	0.453912688863382	0.5565287910739609	0.7075513641198529	0.52818978377919	0.4769955935657687	0.45707271708759933	0.5065119311885721	0.5132066856642464	0.5016896404626825	0.5094691922294629	0.36245789664327066	0.3642472926052144	0.4509355091082021	0.40721866578347055	0.44253240723751786	0.45905915567622013	0.49371641819805123	0.4726589613887423	0.47785132608066616	0.5042835463415873	0.420916169276944	0.429460888280933	0.5207143225096571	0.49070970853825835	0.3530699619046628	0.41986694776336253	0.37196884608145386	0.3935319110405854	0.47675259507235934	0.45069071077283074	0.36146727924043476	0.2825298542665339	0.38237037535106233	0.45605827427340273	0.32993553190796	0.3316182949049943	0.3307263265305572	0.4161177458689671	0.426070909298802	0.3217551875342959	0.4475153763431102	0.48937051684124666	0.45213910092377874	0.43777967484131286	0.35582694481136923	0.5190638458355614	0.5132547024484725	0.3046760619468337	0.3516313843761789	0.46402307399538767	0.4448827502669579	0.43440922148694605	0.5190079330892713	0.442755164734538	0.4534179872667632	0.49185643084596375	0.4226337015604732	0.49227089885887865	0.5292997762312421	0.49425401454239637	0.4890139879291595	0.4403551810544253	0.39029752144647467	0.4373852012502858	0.5280709845870244	0.4652242665479941	0.44367435848402115	0.3630577066771955	0.5179142536527875	0.45622192236252646	0.43043364852083943	0.4790349809215675	0.39760067178505754	0.45190630250680774	0.48188182786925593	0.5036912280528397	0.5600435671734858
ctrl_17	0.25456251623742565	0.21406521591744077	0.2531317994763701	0.2532413260142331	0.19769944293522246	0.1561965749581663	0.2070971672087515	0.1604640125663358	0.23896655049696813	0.21611120077715318	0.38104518026573464	0.3421634487581342	0.4478786856978064	0.34473186667583255	0.4467958501639647	0.52818978377919	0.7075513641198529	0.31157289436063784	0.33088675143809887	0.3274760047227282	0.3361327354688822	0.3253715922502759	0.30393255089917803	0.22947821501764254	0.18769781103623207	0.2685300762901556	0.28387659090438044	0.2908694475661404	0.27686229280594776	0.31908807182619137	0.29602185635591505	0.27344523696887013	0.29509066380545546	0.22266226136612244	0.2714931909504359	0.32207161667009465	0.27335677715989826	0.13802297862998303	0.20411608954097404	0.16526610240194672	0.20930245116189905	0.273900373137288	0.23460874766078466	0.21638481995486347	0.191193094986006	0.15797256075027988	0.2282895982139802	0.17449162859773715	0.15533045055469386	0.12507602392257455	0.2272480065467135	0.2556401082632448	0.19642265314954066	0.380651583178353	0.324246000579654	0.4150297042931316	0.33066632693855436	0.34008948333788447	0.41673609064204087	0.36270368836117983	0.28850306507737045	0.3407214987587759	0.31252808729221027	0.47995158491808665	0.34375987445177025	0.49021917237821266	0.3402415025987452	0.28863181277322036	0.3751204235673774	0.40621697479496766	0.3835795615113139	0.4265064124794662	0.526036016242636	0.332342715539113	0.29819143899925393	0.3767932101850845	0.5183200779701422	0.5165320922740277	0.35448457681419543	0.35642457313418097	0.4002962221609887	0.5159968965555936	0.44786068583100547	0.43077597832293935	0.49244035594145463	0.2806931789853341	0.3232928381880604	0.3782256035355077	0.3007861741823652	0.39218908701806976
ctrl_18	0.5044575451578219	0.47368255442775886	0.5323436606570069	0.5466432582949725	0.5277860943829966	0.5232813277182691	0.5680096292787636	0.4286888603848783	0.5448797726838706	0.5613119585478108	0.5088951149823471	0.5809863488231048	0.5084247181810454	0.48033604551334963	0.4776924650758444	0.4769955935657687	0.31157289436063784	0.7075513641198529	0.49387721710405263	0.5642238247437985	0.5671398031655587	0.5435448793639492	0.5716246884212478	0.5246250982628482	0.5247038074832381	0.6065055118593214	0.5395607048681438	0.5159306671405923	0.5809263491951026	0.581670495638437	0.5651910175865716	0.5899420344290515	0.5796377106810453	0.5220691141099495	0.522540222195618	0.5891613691718186	0.5735278754795757	0.5236976143253516	0.5407368984582195	0.539699606223011	0.5425404861938228	0.5604071647004091	0.5054854594076914	0.3286698312003866	0.25678489979178776	0.5562114840351182	0.5234277266349171	0.47303769952110875	0.41468855558695095	0.5071690469491439	0.5124826076287958	0.4370954032203871	0.32707797962300966	0.29227018803185034	0.5451570684010638	0.2635396498066389	0.379256799546274	0.3430802425234798	0.33479992248063395	0.5126854215323192	0.2734447160450598	0.1869454166039508	0.4190385260071521	0.20181090659932754	0.4317100053460382	0.31669722192801986	0.503221076164127	0.5146699599847038	0.37908679475778706	0.25731409587573684	0.45691866842218365	0.4038474115292273	0.260665671074081	0.5585866877009998	0.5091394323682922	0.23387106935412882	0.1686419520495852	0.4052706009976256	0.4909300371448764	0.39420548287949764	0.16004881563879303	0.2618440623539857	0.273838313368598	0.13652058974766046	0.2593484118999281	0.2793927324938298	0.5811460995189682	0.47761538972303275	0.5614019579358149	0.47441648931806446
ctrl_19	0.36492609397168996	0.3241803710426058	0.4097117681329896	0.4011946473455269	0.4329903958711485	0.3982290531050787	0.3851607629417021	0.2703175373098752	0.4051358390962335	0.4190925256399546	0.42119371135189176	0.46921424181014815	0.44200156985845396	0.40116543137588	0.4020642247248094	0.45707271708759933	0.33088675143809887	0.49387721710405263	0.7075513641198529	0.5018362864115709	0.4519694554261112	0.41553574982603014	0.5157914680871459	0.5026160347190383	0.4962760007923236	0.48533880849290445	0.5056170949523349	0.3881891357830056	0.4959692759289416	0.4590662029101811	0.5227941313235224	0.47126771261901146	0.44891187805218324	0.48696333176579365	0.46829339107406964	0.47885331926655794	0.4782173235913285	0.4620114337913792	0.5057307365001207	0.46476496073937423	0.49431041415831267	0.4567842693360974	0.3589593437009212	0.21223674350563715	0.16525557710875904	0.4353027787595155	0.40347181430864676	0.27826114086760767	0.1458855834471614	0.393120690906958	0.303040957496969	0.27787028595118446	0.10926759141984321	0.21272632893009225	0.37125605092798264	0.23126228865910547	0.31313120952492035	0.2738623132053991	0.3084577174129467	0.4504206954969344	0.24163113237742884	0.11745873080541314	0.3850199573334191	0.11936431670407788	0.32390880307491554	0.2675635560369478	0.4470962914875234	0.36367369616151235	0.32598238773038946	0.171059934156518	0.3581077403364946	0.3266579827309867	0.21585440267745903	0.539043008871805	0.47926445344313084	0.214506812649625	0.15548764939142246	0.3362303118957526	0.3954838861787029	0.29527941493238263	0.13235542056991167	0.25219493375753566	0.1897224853562285	0.1378333800330126	0.1593746917212252	0.17834508024643825	0.456333823129791	0.39367111017755074	0.4247180873861347	0.3454186439020973
ctrl_20	0.539951604358225	0.4659493519748792	0.5213656536055372	0.5501815286567869	0.5711076556695206	0.519911265240644	0.5242958102582072	0.4075649840191916	0.5531964137341243	0.5423635865095574	0.5802185063831572	0.5740042722407015	0.5203845491544299	0.45492698511488505	0.4946874670310297	0.5065119311885721	0.3274760047227282	0.5642238247437985	0.5018362864115709	0.7075513641198529	0.6271712071611087	0.562360238534336	0.5753513424001698	0.4318136391369042	0.4988387085936462	0.5815235723421872	0.46160628898054035	0.49785831584855234	0.5826550134156677	0.5540845918540312	0.5147897062131163	0.5594317490767734	0.5217184507831597	0.5188022476144292	0.493827545676251	0.5764169345147884	0.5932324100802722	0.5802329062765981	0.5588502645081433	0.5394711087618959	0.5909008273339841	0.5924872155947113	0.5447294666950324	0.3431941859086044	0.27275884246002624	0.5625229243473712	0.5489150332105003	0.4336055556863204	0.37191804780651316	0.5539141932172202	0.5089001533295393	0.44803348455229497	0.28150197251498577	0.3354143179341077	0.560155854846775	0.3169640888180554	0.4563426723394961	0.2964530062478071	0.3724348450520055	0.5407899979304335	0.2591068826091153	0.1811179755869613	0.4249288555265456	0.22558961981380743	0.4731620392344521	0.38134877801911127	0.518771274360571	0.5579147816492259	0.45286060164595277	0.23173597064300078	0.4399479443852907	0.4455430601862844	0.2766900110106778	0.5333053489933502	0.5275768039163347	0.2540245923340273	0.1924698847716878	0.4338167539967339	0.5458171609531072	0.4219920485943772	0.20216340722350812	0.2799467849564863	0.2896562565437537	0.18554594016324455	0.3083593181411012	0.3540797918924309	0.5244280291065332	0.43806319663991766	0.5815252967129091	0.4587333546639287
ctrl_21	0.5540682998946805	0.46985052310621367	0.49181229003244575	0.5519491155766441	0.5578789614990739	0.49262348354289764	0.5262373970554183	0.38466195350161325	0.5316265604091114	0.5065246517176685	0.585692865872898	0.6028028764102139	0.5288756863200164	0.4869403290081339	0.5459462569607103	0.5132066856642464	0.3361327354688822	0.5671398031655587	0.4519694554261112	0.6271712071611087	0.7075513641198529	0.5696945842601789	0.5620650407187999	0.39426709445338104	0.4756044805269297	0.5634277171090292	0.41498057805987254	0.5175153703863523	0.573207477658904	0.5782499985307777	0.49324747855093753	0.5640925117906717	0.5222104468471912	0.4612086392509246	0.48214323214016896	0.5781281218520025	0.5954355937767133	0.5215341406474531	0.5289680856362615	0.525707218873015	0.56516341779081	0.589642036649035	0.5435846758533591	0.3816347937057384	0.27039726135267506	0.5369919285953372	0.5469926485895773	0.4580301602894836	0.39760265774040426	0.5301399834108987	0.515581699877167	0.4670965434856623	0.2910418961955964	0.4030410174965431	0.587497652517477	0.3727228427480239	0.48705526349389827	0.3462382378371024	0.3975506441256129	0.5473635650626273	0.2819367136683696	0.25715176731662737	0.46883653060975794	0.3020386082219001	0.5014362130410617	0.44645429623828814	0.5320647680126219	0.5872305823018026	0.5149049052915237	0.2923474857508799	0.49414794330530853	0.5099849446512088	0.35712536752782564	0.48991484404875263	0.5498558256841605	0.30868895501912585	0.25926855038236285	0.48233716583343933	0.5829928858527496	0.4830619600350857	0.2746812270809492	0.3374671247937676	0.34507424645063833	0.2654557008851589	0.36308851314506807	0.40598657663815285	0.522066447999182	0.43960638614623015	0.5736713548320775	0.505614579614129
ctrl_22	0.5647163353980482	0.4683317908129514	0.5695757851392925	0.5664683234845292	0.5154297858196777	0.47629327542984756	0.578397964871085	0.45100510863439025	0.5090131950566453	0.4994847789726319	0.5453940667894749	0.5880375051059372	0.48049610809559395	0.46391416703524746	0.47897765556543503	0.5016896404626825	0.3253715922502759	0.5435448793639492	0.41553574982603014	0.562360238534336	0.5696945842601789	0.7075513641198529	0.5625815499145895	0.44406119775901687	0.4997763769897654	0.5786993176251537	0.47203468301381757	0.5775382482090412	0.562423663911748	0.5862688616105295	0.537405223201445	0.5683805939837068	0.5735825554891926	0.4501835598003733	0.5452584677115484	0.5841250034191057	0.5668367209794263	0.49688559664707177	0.5360665302167235	0.5119270117402053	0.5157914680871459	0.5609051613140321	0.5602026545004576	0.34803294600273726	0.3082849186916572	0.49703872191354725	0.5298836788608718	0.4342611864672984	0.45674586959721564	0.5380436184773201	0.48937077865632606	0.45009191484410804	0.3580845501743932	0.3536413707078081	0.5596883695882158	0.2996641824851035	0.4780977867321713	0.3099868675584295	0.3210804240049202	0.4927523092379559	0.32404717194835964	0.1886566039411648	0.42578728011562417	0.225429131824465	0.4564490222773173	0.34895900254791157	0.5451655657749113	0.5384526125322622	0.4064105925616882	0.29279063334936595	0.47624573699811734	0.4385067550500915	0.2829927058540277	0.47075983222748785	0.4760088775343919	0.2509925426552295	0.2168779951028752	0.3574197550938766	0.5451228686336222	0.4140617359432286	0.17311311896295078	0.27250478346465146	0.2801190706594484	0.16394518680564707	0.3432506413647676	0.3245987979689535	0.567400201238613	0.47765858945519435	0.5979885091472668	0.45883820459736857
