1	2	0.5304781682175851
1	3	0.5583702680601168
1	4	0.5498172367119193
1	5	0.5548830938652053
1	6	0.5648646200019136
1	7	0.5824095399993198
1	8	0.48322008957251994
1	9	0.5141911629532452
1	10	0.5187626478831233
1	11	0.529201376899766
1	12	0.5275758799680021
1	13	0.44750833241246857
1	14	0.45048266642834955
1	15	0.46653614763259155
1	16	0.43594444808286337
1	17	0.25456251623742565
1	18	0.5044575451578219
1	19	0.36492609397168996
1	20	0.539951604358225
1	21	0.5540682998946805
1	22	0.5647163353980482
1	23	0.5015031652476053
1	24	0.34760219580481155
1	25	0.4552914794870685
1	26	0.5138925971948732
1	27	0.3882931519663311
1	28	0.4692677844481947
1	29	0.49787606410685514
1	30	0.5263593049412382
1	31	0.4828740267322891
1	32	0.498800308877804
1	33	0.4992707053968699
1	34	0.4345104569736079
1	35	0.46931098415443673
1	36	0.5408952973811068
1	37	0.5032287535136051
1	38	0.4884772538238029
1	39	0.4647354152683051
1	40	0.505077462426869
1	41	0.5076495234523695
1	42	0.5381593159857803
1	43	0.6413052543412333
1	44	0.42438981003275544
1	45	0.36732448179890076
1	46	0.5405959995897003
1	47	0.5747549468134971
1	48	0.49654792554544036
1	49	0.4676009957823577
1	50	0.5616234439866157
1	51	0.5166465768154246
1	52	0.4914352337095397
1	53	0.3524889915815258
1	54	0.38055238771289246
1	55	0.5015355650272868
1	56	0.2994625839769325
1	57	0.45362393847002613
1	58	0.2859978306838803
1	59	0.2811879192094485
1	60	0.46200364453199205
1	61	0.2943353739885858
1	62	0.16035841334777012
1	63	0.4107345824739681
1	64	0.2037956919119165
1	65	0.4167953157147387
1	66	0.3400298632660588
1	67	0.5148609900287665
1	68	0.5067308092074371
1	69	0.3911455055233295
1	70	0.2634064507923116
1	71	0.4677401948358041
1	72	0.4141841350374753
1	73	0.2800215278407443
1	74	0.42121693939341465
1	75	0.45631702325411005
1	76	0.2596336787108243
1	77	0.20523568125599556
1	78	0.37165404976009864
1	79	0.5011119679077471
1	80	0.40658459127409774
1	81	0.1895013976896912
1	82	0.23320147430913207
1	83	0.258245619398917
1	84	0.16590237232247473
1	85	0.31185645484523605
1	86	0.36809007613350286
1	87	0.4890623809384691
1	88	0.39319231314609226
1	89	0.5178002544273989
1	90	0.4151609278092089
2	1	0.5304781682175851
2	3	0.540150802884156
2	4	0.5461368617384692
2	5	0.5377376207417033
2	6	0.5386016143481508
2	7	0.4957730771453739
2	8	0.4830532907067522
2	9	0.5416883924704271
2	10	0.5535456113589717
2	11	0.496717597789464
2	12	0.4809789688688426
2	13	0.3948706903484346
2	14	0.34478744857294263
2	15	0.4256164504383434
2	16	0.4058858344462625
2	17	0.21406521591744077
2	18	0.47368255442775886
2	19	0.3241803710426058
2	20	0.4659493519748792
2	21	0.46985052310621367
2	22	0.4683317908129514
2	23	0.4898272446438653
2	24	0.35941852254358797
2	25	0.4336070269413458
2	26	0.48238683033754226
2	27	0.34524099305838996
2	28	0.43238483525224924
2	29	0.4354644510588448
2	30	0.4787484572615025
2	31	0.4856976058378042
2	32	0.4800432476800536
2	33	0.5051986615299956
2	34	0.4220689341110475
2	35	0.45499628149441484
2	36	0.5101683063246459
2	37	0.4912348350722504
2	38	0.47632373646772097
2	39	0.4453189473002873
2	40	0.43955194731566904
2	41	0.43962078604778376
2	42	0.5052495397722585
2	43	0.5445007706943948
2	44	0.4233278147055318
2	45	0.37924279360339563
2	46	0.5107174206911788
2	47	0.558499867101084
2	48	0.4895483773420958
2	49	0.4828852918491443
2	50	0.4920419588895928
2	51	0.5438347756227582
2	52	0.5047563431259957
2	53	0.3991362463918485
2	54	0.34740141313951955
2	55	0.47987451232244516
2	56	0.25208093460112935
2	57	0.40331665037520326
2	58	0.2905721995781718
2	59	0.2717883887659721
2	60	0.46507683100998043
2	61	0.23675616552720335
2	62	0.19552175313906195
2	63	0.35414176730511127
2	64	0.15420845885743228
2	65	0.3905635098300976
2	66	0.29330098102245805
2	67	0.4211284836492968
2	68	0.49438168577200015
2	69	0.3453478444260134
2	70	0.2064500722695023
2	71	0.42672927371006775
2	72	0.3202524301320747
2	73	0.2090924527158875
2	74	0.43694404188538194
2	75	0.43000361797330444
2	76	0.21172043326883194
2	77	0.13865897392361803
2	78	0.3203928290931224
2	79	0.4449175500297887
2	80	0.38630234136274344
2	81	0.15987241694414345
2	82	0.22498033514556048
2	83	0.21767629527032106
2	84	0.1518732761377839
2	85	0.2919761900310367
2	86	0.3075817238952986
2	87	0.41819810533409574
2	88	0.3681520683956052
2	89	0.4866160664798769
2	90	0.4126217465991495
3	1	0.5583702680601168
3	2	0.540150802884156
3	4	0.5999775601661629
3	5	0.5770020085146979
3	6	0.5719692487767757
3	7	0.5999792956105612
3	8	0.5281148919498947
3	9	0.573100678385139
3	10	0.5910532262062324
3	11	0.5225493331350288
3	12	0.546439259682767
3	13	0.41761010968526346
3	14	0.424723226744952
3	15	0.4388591136578567
3	16	0.4576518634369976
3	17	0.2531317994763701
3	18	0.5323436606570069
3	19	0.4097117681329896
3	20	0.5213656536055372
3	21	0.49181229003244575
3	22	0.5695757851392925
3	23	0.5369036269132575
3	24	0.4478539300629375
3	25	0.4910759660379398
3	26	0.5677020829141026
3	27	0.4787481827008271
3	28	0.5301824766497683
3	29	0.5267137938159207
3	30	0.5491766311177171
3	31	0.5851043436960165
3	32	0.5750148244121707
3	33	0.6012178147882478
3	34	0.46913818533001694
3	35	0.5455771627290941
3	36	0.5895820370930316
3	37	0.5362880314686637
3	38	0.4929023525226801
3	39	0.52730249796161
3	40	0.5197144668150314
3	41	0.5032294761019674
3	42	0.5315756663401648
3	43	0.5864723327521039
3	44	0.4118518426206298
3	45	0.35873815462552894
3	46	0.5539645928140234
3	47	0.5835011565215138
3	48	0.4953930613862749
3	49	0.5003470974315691
3	50	0.5495990277385441
3	51	0.5489462329609024
3	52	0.4977539166211066
3	53	0.40579217819334046
3	54	0.31144449531079077
3	55	0.515306186734311
3	56	0.23380955405433346
3	57	0.40626221288658426
3	58	0.3025213613419805
3	59	0.23848951661463302
3	60	0.475725123254514
3	61	0.23501466089155165
3	62	0.13893831302426174
3	63	0.38952911748460073
3	64	0.13643273306890136
3	65	0.4120177283889389
3	66	0.2531357267956673
3	67	0.5031017997163683
3	68	0.5081019203766467
3	69	0.30965374730078754
3	70	0.23408315186555095
3	71	0.42924162361206253
3	72	0.33424635055996144
3	73	0.20024582256418533
3	74	0.48256849400392765
3	75	0.4508422177930236
3	76	0.19749544456720936
3	77	0.12831119804118163
3	78	0.2782907982043803
3	79	0.4588550044730495
3	80	0.341395893363619
3	81	0.062314126017757765
3	82	0.18804672015700474
3	83	0.17327631775527974
3	84	0.06688848942285053
3	85	0.24123781484021356
3	86	0.22323283866805665
3	87	0.5123081260657575
3	88	0.47313055818188443
3	89	0.5467123543286765
3	90	0.39452186835581915
4	1	0.5498172367119193
4	2	0.5461368617384692
4	3	0.5999775601661629
4	5	0.5819560935250127
4	6	0.5265813032984504
4	7	0.5689444234830399
4	8	0.5036835504209861
4	9	0.5855379206033606
4	10	0.6022556801305041
4	11	0.5247794069691616
4	12	0.5413883943304155
4	13	0.45076871024189924
4	14	0.44180193066579265
4	15	0.4975475181484552
4	16	0.4726306206286002
4	17	0.2532413260142331
4	18	0.5466432582949725
4	19	0.4011946473455269
4	20	0.5501815286567869
4	21	0.5519491155766441
4	22	0.5664683234845292
4	23	0.5675591160671397
4	24	0.4481759722474157
4	25	0.5057919360839636
4	26	0.5493523347928215
4	27	0.44646762618931735
4	28	0.5414580935540928
4	29	0.5598436799076484
4	30	0.557062277739245
4	31	0.5628942345827653
4	32	0.5749709452151089
4	33	0.58755045212676
4	34	0.4667434571290128
4	35	0.5233970163694177
4	36	0.6063296524274924
4	37	0.5598767683071044
4	38	0.5302573697190149
4	39	0.5461392617221493
4	40	0.504950263368142
4	41	0.530410968674542
4	42	0.5814982212812242
4	43	0.5822068916691064
4	44	0.4251914065057333
4	45	0.3372683042146095
4	46	0.57826732082193
4	47	0.6137978578959621
4	48	0.5065726513624711
4	49	0.49709919519460166
4	50	0.5513983196525338
4	51	0.5857252656331396
4	52	0.5091903129750007
4	53	0.40201022512440643
4	54	0.36563408915732265
4	55	0.5514036259244727
4	56	0.28811906791894926
4	57	0.44143321405251534
4	58	0.3219747860405838
4	59	0.3108576996530785
4	60	0.5016814699496744
4	61	0.2301310105782569
4	62	0.1699295425214159
4	63	0.38594995100946206
4	64	0.2177695885050842
4	65	0.43818155745655374
4	66	0.3331971097287828
4	67	0.47597407779191003
4	68	0.5263230877353138
4	69	0.3855859466640641
4	70	0.2519765353736836
4	71	0.46280102842213566
4	72	0.3756020205451156
4	73	0.24224340739882888
4	74	0.4850865434018812
4	75	0.44411791352751984
4	76	0.23366827085483777
4	77	0.17790228352313397
4	78	0.34234906661696873
4	79	0.47957331437059125
4	80	0.40475940478047745
4	81	0.14367013684101326
4	82	0.2682664148285785
4	83	0.2547896428995572
4	84	0.16547997544821158
4	85	0.29613656174050906
4	86	0.29027785194394784
4	87	0.5281088919942943
4	88	0.43713484070242936
4	89	0.5871237830274044
4	90	0.464834560224338
5	1	0.5548830938652053
5	2	0.5377376207417033
5	3	0.5770020085146979
5	4	0.5819560935250127
5	6	0.5642029109074786
5	7	0.5476152516860222
5	8	0.4761756763000812
5	9	0.6231931377564512
5	10	0.5940112043171949
5	11	0.555623488386286
5	12	0.5325589540688351
5	13	0.4258324488399552
5	14	0.37119405497832614
5	15	0.4212384546231289
5	16	0.42083131381670846
5	17	0.19769944293522246
5	18	0.5277860943829966
5	19	0.4329903958711485
5	20	0.5711076556695206
5	21	0.5578789614990739
5	22	0.5154297858196777
5	23	0.5806253033728596
5	24	0.456683470022072
5	25	0.5585310668702057
5	26	0.5875427241889726
5	27	0.41631496978664595
5	28	0.4979819149339191
5	29	0.5451888681854283
5	30	0.5473070460743973
5	31	0.5406566992771717
5	32	0.5841659512031563
5	33	0.5463590536583367
5	34	0.5357761321920262
5	35	0.5167137763181483
5	36	0.5667054063800948
5	37	0.5973315797464174
5	38	0.5957451914856902
5	39	0.5744573490157207
5	40	0.5574565648782469
5	41	0.5708285758686413
5	42	0.5978631758126065
5	43	0.5657316986771767
5	44	0.4250841764590202
5	45	0.36757728391249467
5	46	0.6170696879732621
5	47	0.6196688671798285
5	48	0.4841971509535583
5	49	0.4203988890482967
5	50	0.5851187435808174
5	51	0.5464838526599446
5	52	0.51128621648209
5	53	0.34649105260234514
5	54	0.29339902884723934
5	55	0.49327794974326067
5	56	0.22161285162795286
5	57	0.4484371260972049
5	58	0.272243185400477
5	59	0.2289927925884252
5	60	0.5122709405255921
5	61	0.23768704111593852
5	62	0.10796176083667919
5	63	0.3627333157735285
5	64	0.08031158203810962
5	65	0.43101117644135445
5	66	0.3006529751680379
5	67	0.4827427625886652
5	68	0.5548392025631614
5	69	0.3988562336808965
5	70	0.14577585832389928
5	71	0.43238680033775534
5	72	0.3279944005755614
5	73	0.17113885541992258
5	74	0.4983783864966701
5	75	0.5245744279353425
5	76	0.20000822446497024
5	77	0.061747730548921465
5	78	0.3293527897084483
5	79	0.4981475137084882
5	80	0.39651385241994663
5	81	0.13415995125115587
5	82	0.17345723687287096
5	83	0.19292377236411928
5	84	0.09850103652247377
5	85	0.2289739055931398
5	86	0.3048777855084819
5	87	0.49124829454440955
5	88	0.37957919433109133
5	89	0.551527918693501
5	90	0.40797136075987983
6	1	0.5648646200019136
6	2	0.5386016143481508
6	3	0.5719692487767757
6	4	0.5265813032984504
6	5	0.5642029109074786
6	7	0.5636363427426145
6	8	0.5005714957710214
6	9	0.5576111837136917
6	10	0.5679569971183236
6	11	0.46539735605964894
6	12	0.49810598834897735
6	13	0.3831487646992102
6	14	0.38046758079011955
6	15	0.363691714997046
6	16	0.39547188626079754
6	17	0.1561965749581663
6	18	0.5232813277182691
6	19	0.3982290531050787
6	20	0.519911265240644
6	21	0.49262348354289764
6	22	0.47629327542984756
6	23	0.5034742742904609
6	24	0.4121457728783806
6	25	0.5034166747166977
6	26	0.5283543976955843
6	27	0.421333338672767
6	28	0.42575924938163123
6	29	0.4901056427513216
6	30	0.5074937645806493
6	31	0.5204848606518807
6	32	0.5142929101874845
6	33	0.5079929605870813
6	34	0.493586819079325
6	35	0.4929407522385222
6	36	0.4986971096414784
6	37	0.4939691446284187
6	38	0.5030722772652387
6	39	0.48503161076616763
6	40	0.5173000861300769
6	41	0.5220357369356406
6	42	0.4853868081377072
6	43	0.5780508001243649
6	44	0.32928745544219407
6	45	0.2758212179610222
6	46	0.5985826358696791
6	47	0.5567245707342001
6	48	0.4580157604046827
6	49	0.39531307468331855
6	50	0.5840723519519504
6	51	0.4881883190242138
6	52	0.4373631635126687
6	53	0.26960766766942457
6	54	0.20802566061014893
6	55	0.44684309336118955
6	56	0.17120845486312708
6	57	0.3589789344128439
6	58	0.2140232162282384
6	59	0.2056121796333289
6	60	0.4142014308726991
6	61	0.18974379589594448
6	62	0.04834383778006368
6	63	0.3485122210096273
6	64	0.07438362946173027
6	65	0.3012490145386496
6	66	0.21079524011526107
6	67	0.46657649191883055
6	68	0.4689437866519278
6	69	0.2788283939036147
6	70	0.12001686439585069
6	71	0.3728528408890446
6	72	0.29448586864381676
6	73	0.15777336234386719
6	74	0.45287829589725337
6	75	0.45548858062212105
6	76	0.13481754599039797
6	77	0.03868151507864526
6	78	0.32042486113187696
6	79	0.4238020638648037
6	80	0.2906218995555695
6	81	0.0468294498951668
6	82	0.1564365730381816
6	83	0.14624051782019454
6	84	0.053702994906806634
6	85	0.1825354492377086
6	86	0.21937606952220978
6	87	0.45717096716302863
6	88	0.3766932139557557
6	89	0.4796196508146703
6	90	0.35553418025732386
7	1	0.5824095399993198
7	2	0.4957730771453739
7	3	0.5999792956105612
7	4	0.5689444234830399
7	5	0.5476152516860222
7	6	0.5636363427426145
7	8	0.5009684449340946
7	9	0.5162724352818544
7	10	0.5464073632128095
7	11	0.47582740080856356
7	12	0.5468914638152945
7	13	0.41227939480618936
7	14	0.45277989656636874
7	15	0.4232600973009826
7	16	0.38189718778324033
7	17	0.2070971672087515
7	18	0.5680096292787636
7	19	0.3851607629417021
7	20	0.5242958102582072
7	21	0.5262373970554183
7	22	0.578397964871085
7	23	0.5102947871107747
7	24	0.4369948792361682
7	25	0.496888470229937
7	26	0.5786614405719601
7	27	0.46224619064585615
7	28	0.5487989483849818
7	29	0.555130617676033
7	30	0.5796658337420874
7	31	0.5437008783037585
7	32	0.5643947375855303
7	33	0.5680835125018635
7	34	0.4210565684907084
7	35	0.5365674242204295
7	36	0.5685028262209427
7	37	0.5179351397405898
7	38	0.5095879914929075
7	39	0.5158747525149903
7	40	0.5564315917349163
7	41	0.5401422020568075
7	42	0.5413625944903746
7	43	0.5799874315552224
7	44	0.3542877065227995
7	45	0.30017573427456246
7	46	0.5686355087482894
7	47	0.5369341243176806
7	48	0.5104191046197954
7	49	0.4984736604017582
7	50	0.6008480897027619
7	51	0.5353333352030455
7	52	0.45332514032257465
7	53	0.34386263720365395
7	54	0.28208140203372123
7	55	0.5245290988580446
7	56	0.22747902861210867
7	57	0.3928159266383028
7	58	0.31014562803552503
7	59	0.21909708560931507
7	60	0.4358177967085889
7	61	0.2855637804429757
7	62	0.12428573032646273
7	63	0.4067462291118157
7	64	0.125144924483943
7	65	0.39945705916162466
7	66	0.25012800014480707
7	67	0.5054187386222807
7	68	0.5056506947636012
7	69	0.3038777091011363
7	70	0.18661210650714954
7	71	0.42212413376880964
7	72	0.3624709106674079
7	73	0.17289619977530546
7	74	0.4520859947259215
7	75	0.46279022849611884
7	76	0.18858009312484192
7	77	0.10308547448818717
7	78	0.29023740185521585
7	79	0.47281541948284733
7	80	0.3394778670200881
7	81	0.07823484347246012
7	82	0.13283087221950396
7	83	0.18358361271999712
7	84	0.022303223807433548
7	85	0.19776032482438477
7	86	0.23984494452388938
7	87	0.5302153700052051
7	88	0.4327439030416349
7	89	0.5430911837731214
7	90	0.4015246451020419
8	1	0.48322008957251994
8	2	0.4830532907067522
8	3	0.5281148919498947
8	4	0.5036835504209861
8	5	0.4761756763000812
8	6	0.5005714957710214
8	7	0.5009684449340946
8	9	0.49534767978283756
8	10	0.5063163325180678
8	11	0.39709907519541754
8	12	0.421695736424873
8	13	0.36402370010796825
8	14	0.3327923373367636
8	15	0.30101177251293754
8	16	0.38149718565588053
8	17	0.1604640125663358
8	18	0.4286888603848783
8	19	0.2703175373098752
8	20	0.4075649840191916
8	21	0.38466195350161325
8	22	0.45100510863439025
8	23	0.4300496511315012
8	24	0.3087860364649925
8	25	0.40471062343688957
8	26	0.44929707520172435
8	27	0.33670064088435603
8	28	0.39166671213548643
8	29	0.40988540964889697
8	30	0.440807138027258
8	31	0.45330144556938434
8	32	0.3940974836786917
8	33	0.47870045761669977
8	34	0.40624823219939643
8	35	0.4086429966967514
8	36	0.47746852868313383
8	37	0.39441589344105354
8	38	0.3890759297528067
8	39	0.4132857651259261
8	40	0.40200662515104624
8	41	0.40724980617044704
8	42	0.4034470320293112
8	43	0.5077222428554943
8	44	0.4312861796887488
8	45	0.43115920942192787
8	46	0.46289657456543154
8	47	0.5159913816638686
8	48	0.4978259160883106
8	49	0.5105271038848225
8	50	0.45376464214172985
8	51	0.46539015611292855
8	52	0.5273365895803198
8	53	0.45645382224179754
8	54	0.2387037522836134
8	55	0.42339329639471346
8	56	0.16377238808435768
8	57	0.38196998272453886
8	58	0.31819001177704886
8	59	0.20503528273894467
8	60	0.37887281030742326
8	61	0.25245565877064924
8	62	0.11566594407203468
8	63	0.2558120359472845
8	64	0.12688946101801124
8	65	0.3649352994788495
8	66	0.2271766306680404
8	67	0.38935391878107106
8	68	0.5098207900495564
8	69	0.2767587519852852
8	70	0.22124476278879512
8	71	0.4381843958152374
8	72	0.2395350274408401
8	73	0.15919442196130618
8	74	0.3780952067481492
8	75	0.37186044823275
8	76	0.1424977455167088
8	77	0.08632136122194256
8	78	0.24563578229525518
8	79	0.4386895923799008
8	80	0.34799622482799897
8	81	0.07715102908239868
8	82	0.13728978405562275
8	83	0.2071673667310352
8	84	0.060057155577059596
8	85	0.18123734305519612
8	86	0.265271236992894
8	87	0.46347017032082305
8	88	0.34846619044804494
8	89	0.48420168289768517
8	90	0.33526671902633953
9	1	0.5141911629532452
9	2	0.5416883924704271
9	3	0.573100678385139
9	4	0.5855379206033606
9	5	0.6231931377564512
9	6	0.5576111837136917
9	7	0.5162724352818544
9	8	0.49534767978283756
9	10	0.6493127251995837
9	11	0.5131963691209669
9	12	0.5026015118390256
9	13	0.4826001588174652
9	14	0.3999178560282064
9	15	0.440071982980172
9	16	0.47143108639340814
9	17	0.23896655049696813
9	18	0.5448797726838706
9	19	0.4051358390962335
9	20	0.5531964137341243
9	21	0.5316265604091114
9	22	0.5090131950566453
9	23	0.5571976963127461
9	24	0.43577328607708987
9	25	0.4878627261895485
9	26	0.5510076286178616
9	27	0.4279809619719933
9	28	0.4584407086060521
9	29	0.5216436052033028
9	30	0.5281717839015891
9	31	0.5384221141993506
9	32	0.5637239421469387
9	33	0.5642651384668042
9	34	0.5391035074278504
9	35	0.47522260455830023
9	36	0.5864187151424346
9	37	0.5807583502366961
9	38	0.5535077191906037
9	39	0.5366700235843134
9	40	0.4984503860070735
9	41	0.5240743016777869
9	42	0.5615656692313149
9	43	0.550422032599914
9	44	0.4008499295864273
9	45	0.3280419447843511
9	46	0.589899364154088
9	47	0.5846254000170401
9	48	0.45665827019343086
9	49	0.44568478769275954
9	50	0.5321329569656151
9	51	0.5817838193397867
9	52	0.5207287224203777
9	53	0.4205877154731771
9	54	0.2829333967513541
9	55	0.4947284836218535
9	56	0.21635630424662633
9	57	0.39339312340600086
9	58	0.272108263867176
9	59	0.2785710811861879
9	60	0.4810630247767955
9	61	0.1618097477179563
9	62	0.11872976810700175
9	63	0.3402966410992494
9	64	0.15067955084850204
9	65	0.3994690590800254
9	66	0.2845041870124547
9	67	0.4234568959627518
9	68	0.5114352623700227
9	69	0.36628928470246713
9	70	0.19656963879593714
9	71	0.42503771570460214
9	72	0.3243039702025756
9	73	0.20182080308802375
9	74	0.5130192534996724
9	75	0.45147070546886725
9	76	0.17863696073813506
9	77	0.10787944188921228
9	78	0.34377863777485007
9	79	0.4476815753126766
9	80	0.3557845561346139
9	81	0.09938469965345342
9	82	0.22876181988912891
9	83	0.22533975383192972
9	84	0.10675024956771917
9	85	0.2641715130750295
9	86	0.2707663342584614
9	87	0.485707672657515
9	88	0.4393216662061612
9	89	0.5404200003344581
9	90	0.47859652101334105
10	1	0.5187626478831233
10	2	0.5535456113589717
10	3	0.5910532262062324
10	4	0.6022556801305041
10	5	0.5940112043171949
10	6	0.5679569971183236
10	7	0.5464073632128095
10	8	0.5063163325180678
10	9	0.6493127251995837
10	11	0.47907771774064833
10	12	0.5064728108070272
10	13	0.4584474580264144
10	14	0.39715506105261966
10	15	0.4382859566839994
10	16	0.45476993136487043
10	17	0.21611120077715318
10	18	0.5613119585478108
10	19	0.4190925256399546
10	20	0.5423635865095574
10	21	0.5065246517176685
10	22	0.4994847789726319
10	23	0.5543556058510093
10	24	0.4454063894188288
10	25	0.48623566906657933
10	26	0.5650722184656851
10	27	0.4395388649903751
10	28	0.4709759728325137
10	29	0.5282070760545865
10	30	0.5336936506670811
10	31	0.5546538955612726
10	32	0.5721113663759918
10	33	0.5945440003745043
10	34	0.5463905633169687
10	35	0.4804709082669527
10	36	0.5892957682579048
10	37	0.5585669772136839
10	38	0.5607047626767427
10	39	0.5399005041457008
10	40	0.5260437072766608
10	41	0.5389813103962182
10	42	0.5497614370913567
10	43	0.5649306195135173
10	44	0.3859635791080609
10	45	0.31775764859345756
10	46	0.5891188405206862
10	47	0.5927440136944053
10	48	0.4753176826492339
10	49	0.45912785339972584
10	50	0.5210337443503855
10	51	0.5936536069634154
10	52	0.4927684246438413
10	53	0.3992490455571347
10	54	0.251583264702929
10	55	0.5092251127383624
10	56	0.19101458649209435
10	57	0.361390110319744
10	58	0.24287372392780615
10	59	0.26477804064254695
10	60	0.46031405196619446
10	61	0.13284047215391837
10	62	0.08839854585077667
10	63	0.3315069212220646
10	64	0.15742323506808886
10	65	0.37924039362115547
10	66	0.24326852124318443
10	67	0.4217176792892492
10	68	0.4900797124442341
10	69	0.3063493330149909
10	70	0.1888102028045332
10	71	0.42287609991164954
10	72	0.31537446622900667
10	73	0.20288369866066647
10	74	0.5213179187673604
10	75	0.4413015343687251
10	76	0.14677571385974386
10	77	0.11587834250028639
10	78	0.3336275311563295
10	79	0.4199829195852758
10	80	0.3173184518435135
10	81	0.04733724970436071
10	82	0.21549320535031924
10	83	0.20843275812637374
10	84	0.07981980933342536
10	85	0.24322412154510242
10	86	0.21103043837479396
10	87	0.4913987636492375
10	88	0.4225621310532265
10	89	0.5480988483969599
10	90	0.45121226102934964
11	1	0.529201376899766
11	2	0.496717597789464
11	3	0.5225493331350288
11	4	0.5247794069691616
11	5	0.555623488386286
11	6	0.46539735605964894
11	7	0.47582740080856356
11	8	0.39709907519541754
11	9	0.5131963691209669
11	10	0.47907771774064833
11	12	0.5922254791404988
11	13	0.5246426078993952
11	14	0.4214860810030764
11	15	0.5398124053882972
11	16	0.540364200680416
11	17	0.38104518026573464
11	18	0.5088951149823471
11	19	0.42119371135189176
11	20	0.5802185063831572
11	21	0.585692865872898
11	22	0.5453940667894749
11	23	0.5275489881360096
11	24	0.39368191011059117
11	25	0.45590707530101693
11	26	0.544685569326885
11	27	0.4232573561668128
11	28	0.5249906055330114
11	29	0.5160667513245977
11	30	0.5441431733406151
11	31	0.5110354183379963
11	32	0.549161536204731
11	33	0.5192625574571683
11	34	0.4601866977809196
11	35	0.46691220046616577
11	36	0.5616647561487872
11	37	0.5715478889434841
11	38	0.4852048760759716
11	39	0.4831180902661152
11	40	0.4614073855854297
11	41	0.47533254320783513
11	42	0.5875221803183028
11	43	0.513888997221513
11	44	0.5023930668186504
11	45	0.4230844691750043
11	46	0.47966885045059304
11	47	0.5701169811344422
11	48	0.48211923231776765
11	49	0.4400443831673234
11	50	0.47601847746335246
11	51	0.5160465812553916
11	52	0.5329093516855375
11	53	0.3494962137280814
11	54	0.46539901075585577
11	55	0.5656955287395335
11	56	0.3947370789456869
11	57	0.5534105197932399
11	58	0.39772187096040634
11	59	0.3960798690090406
11	60	0.6059082113523125
11	61	0.36387370112796136
11	62	0.330707952761209
11	63	0.47401495216745415
11	64	0.29305343140466034
11	65	0.5590806628031959
11	66	0.47667653406869726
11	67	0.5547402949219175
11	68	0.5834787333703212
11	69	0.5446507695844031
11	70	0.36468450133475583
11	71	0.5306461670751929
11	72	0.45014186895025077
11	73	0.35390498110320356
11	74	0.49524688040779363
11	75	0.5377424207061836
11	76	0.3830095657292826
11	77	0.2623024589618509
11	78	0.45734061567952633
11	79	0.564215938800745
11	80	0.5445595702592781
11	81	0.3239940024444403
11	82	0.35566776805858036
11	83	0.3359102912791482
11	84	0.30501254290723745
11	85	0.38061718727225546
11	86	0.4813236382051639
11	87	0.49186436020382296
11	88	0.44605318540869376
11	89	0.5438232774708421
11	90	0.48679439772154454
12	1	0.5275758799680021
12	2	0.4809789688688426
12	3	0.546439259682767
12	4	0.5413883943304155
12	5	0.5325589540688351
12	6	0.49810598834897735
12	7	0.5468914638152945
12	8	0.421695736424873
12	9	0.5026015118390256
12	10	0.5064728108070272
12	11	0.5922254791404988
12	13	0.5115931790607449
12	14	0.5037123502257206
12	15	0.505040741192663
12	16	0.48240022496623214
12	17	0.3421634487581342
12	18	0.5809863488231048
12	19	0.46921424181014815
12	20	0.5740042722407015
12	21	0.6028028764102139
12	22	0.5880375051059372
12	23	0.5674684326341828
12	24	0.48032783657160716
12	25	0.522833509370699
12	26	0.6070316476545724
12	27	0.5062439706569639
12	28	0.5524877255145643
12	29	0.5722329219031294
12	30	0.5840746037624543
12	31	0.5553599990217459
12	32	0.5904585603515543
12	33	0.5635355434280499
12	34	0.47900424398372565
12	35	0.5307282604232438
12	36	0.5878647061772906
12	37	0.5747655873918247
12	38	0.5342094388399384
12	39	0.5574688946313167
12	40	0.5376253196175531
12	41	0.5537849174719743
12	42	0.5975150463451832
12	43	0.5078439221310346
12	44	0.4006375303935439
12	45	0.3456350251514173
12	46	0.5160050666352578
12	47	0.5638487412983046
12	48	0.49288962382025225
12	49	0.4427928056230478
12	50	0.5142938782713374
12	51	0.5145134767780677
12	52	0.4780257871785686
12	53	0.3360074906186451
12	54	0.3572741358387851
12	55	0.592463077667388
12	56	0.31245645076569917
12	57	0.5122908575786895
12	58	0.3673228735366132
12	59	0.3413618542089766
12	60	0.5534233498076775
12	61	0.3575525341127159
12	62	0.23315379002373515
12	63	0.4447715933545643
12	64	0.21779509446285383
12	65	0.5032191535794575
12	66	0.3852615623167459
12	67	0.5813122225466447
12	68	0.5861504439650057
12	69	0.4347560191287224
12	70	0.3012749268000541
12	71	0.5093347930627377
12	72	0.41371656219701436
12	73	0.2941109755149177
12	74	0.5452582729611634
12	75	0.5427312848969928
12	76	0.2991557412105146
12	77	0.204829182631045
12	78	0.3992446606059348
12	79	0.5688940237955178
12	80	0.4640442199689778
12	81	0.1949256499750599
12	82	0.2765778947398544
12	83	0.2952693202686305
12	84	0.19396325651933477
12	85	0.2977521048753663
12	86	0.34191145047172233
12	87	0.5297365732610226
12	88	0.437148478376013
12	89	0.5622232651542202
12	90	0.4439803564032355
13	1	0.44750833241246857
13	2	0.3948706903484346
13	3	0.41761010968526346
13	4	0.45076871024189924
13	5	0.4258324488399552
13	6	0.3831487646992102
13	7	0.41227939480618936
13	8	0.36402370010796825
13	9	0.4826001588174652
13	10	0.4584474580264144
13	11	0.5246426078993952
13	12	0.5115931790607449
13	14	0.5310596701585365
13	15	0.5694581860095261
13	16	0.5805327516354074
13	17	0.4478786856978064
13	18	0.5084247181810454
13	19	0.44200156985845396
13	20	0.5203845491544299
13	21	0.5288756863200164
13	22	0.48049610809559395
13	23	0.4801553104130182
13	24	0.35674733910492484
13	25	0.3565417509852222
13	26	0.4690825287893714
13	27	0.3990930914866776
13	28	0.40740100514229394
13	29	0.46674825709925294
13	30	0.48929157924240163
13	31	0.44606669910650687
13	32	0.4742604904724559
13	33	0.4640413660939745
13	34	0.4648642687799802
13	35	0.3937894977005446
13	36	0.5199698396742192
13	37	0.465012613383358
13	38	0.42640887588877296
13	39	0.43900639022567545
13	40	0.43342719263885243
13	41	0.4504411124695641
13	42	0.499573578368796
13	43	0.4511486614999861
13	44	0.3316566180585331
13	45	0.26565763413355525
13	46	0.396213068023368
13	47	0.4425939248050361
13	48	0.3379234993661655
13	49	0.3401054627519823
13	50	0.36120692706880464
13	51	0.43573597555385934
13	52	0.4269230723922367
13	53	0.3351551198521734
13	54	0.4265624748443
13	55	0.4707113746317815
13	56	0.41135095600299965
13	57	0.3888783398927257
13	58	0.3570001478681234
13	59	0.4860624031383043
13	60	0.4962802937148344
13	61	0.2223274636423762
13	62	0.31354807974426635
13	63	0.44631554052345346
13	64	0.4002306382933487
13	65	0.4571150173489539
13	66	0.48016131037221843
13	67	0.43186480420052664
13	68	0.4618666873649845
13	69	0.49244155593257477
13	70	0.3809503809672494
13	71	0.5166110625139039
13	72	0.5517019174059105
13	73	0.44807188426813704
13	74	0.4638262752155402
13	75	0.4254364517703335
13	76	0.34454865034004944
13	77	0.341210275044026
13	78	0.52875808719025
13	79	0.45714186690443404
13	80	0.44754508816642813
13	81	0.33259313881083263
13	82	0.4089689736296688
13	83	0.4445677524084125
13	84	0.3574365549695575
13	85	0.3961942813480157
13	86	0.41857490254579655
13	87	0.4397631457528006
13	88	0.45406673572468326
13	89	0.46261622967876714
13	90	0.5907844281953377
14	1	0.45048266642834955
14	2	0.34478744857294263
14	3	0.424723226744952
14	4	0.44180193066579265
14	5	0.37119405497832614
14	6	0.38046758079011955
14	7	0.45277989656636874
14	8	0.3327923373367636
14	9	0.3999178560282064
14	10	0.39715506105261966
14	11	0.4214860810030764
14	12	0.5037123502257206
14	13	0.5310596701585365
14	15	0.5037497945324098
14	16	0.453912688863382
14	17	0.34473186667583255
14	18	0.48033604551334963
14	19	0.40116543137588
14	20	0.45492698511488505
14	21	0.4869403290081339
14	22	0.46391416703524746
14	23	0.46496535925642524
14	24	0.37937999568564196
14	25	0.3681416757516657
14	26	0.42799680055636147
14	27	0.38569355963933927
14	28	0.38909832067249706
14	29	0.4612086392509246
14	30	0.4737332346648887
14	31	0.44367107516216464
14	32	0.4355591400576455
14	33	0.4478926413896348
14	34	0.3524941785091794
14	35	0.40383301163578655
14	36	0.4869395966470724
14	37	0.3997674417210032
14	38	0.3976854571276889
14	39	0.44880267886025715
14	40	0.4767908102042844
14	41	0.45745581482705266
14	42	0.48166323569214253
14	43	0.4372487265409536
14	44	0.24479947788170164
14	45	0.1908786975011859
14	46	0.3748420257945596
14	47	0.4081297594926899
14	48	0.3061785751021652
14	49	0.3175776499254478
14	50	0.4005866198378073
14	51	0.40579457817414055
14	52	0.3494578140122392
14	53	0.2795291882972596
14	54	0.36031533366659574
14	55	0.4386207542064978
14	56	0.36814847934293116
14	57	0.31276484866859366
14	58	0.35760695370860696
14	59	0.40520178291650266
14	60	0.40073269821630175
14	61	0.24411179357277146
14	62	0.23177197035500308
14	63	0.41468453133454275
14	64	0.2908738975395856
14	65	0.37903239227162777
14	66	0.33909949066383016
14	67	0.4149121052339241
14	68	0.39395029660760605
14	69	0.37922199075483987
14	70	0.3271472073531072
14	71	0.42452685850132355
14	72	0.4633413178002236
14	73	0.3628997213329953
14	74	0.4140429599775096
14	75	0.35995974485280713
14	76	0.32228004629039564
14	77	0.278504396495594
14	78	0.40773136267986454
14	79	0.40306741730118456
14	80	0.3274400050107258
14	81	0.23062717951332978
14	82	0.28166517120939627
14	83	0.3620577207729315
14	84	0.23964150739870682
14	85	0.26013407500789176
14	86	0.2803883814237146
14	87	0.41689688935565106
14	88	0.48310249037275266
14	89	0.4093085711166474
14	90	0.4454038612998755
15	1	0.46653614763259155
15	2	0.4256164504383434
15	3	0.4388591136578567
15	4	0.4975475181484552
15	5	0.4212384546231289
15	6	0.363691714997046
15	7	0.4232600973009826
15	8	0.30101177251293754
15	9	0.440071982980172
15	10	0.4382859566839994
15	11	0.5398124053882972
15	12	0.505040741192663
15	13	0.5694581860095261
15	14	0.5037497945324098
15	16	0.5565287910739609
15	17	0.4467958501639647
15	18	0.4776924650758444
15	19	0.4020642247248094
15	20	0.4946874670310297
15	21	0.5459462569607103
15	22	0.47897765556543503
15	23	0.4714693111271825
15	24	0.34483943056145994
15	25	0.34024548218349304
15	26	0.4348655456064011
15	27	0.3944703052235309
15	28	0.45100946253005847
15	29	0.46170183589718783
15	30	0.47915239131163545
15	31	0.43010158371809626
15	32	0.4891411114018748
15	33	0.46763488345169835
15	34	0.3843683617647562
15	35	0.4039998104014758
15	36	0.5282060912750197
15	37	0.48965637654290173
15	38	0.3836143612537958
15	39	0.3864895399774737
15	40	0.3888027141090531
15	41	0.3923274967765945
15	42	0.4903391714902192
15	43	0.45434618976124796
15	44	0.39847670949623526
15	45	0.3119865286385368
15	46	0.38382035396793424
15	47	0.49004110420193236
15	48	0.40559297978692765
15	49	0.37076725632236995
15	50	0.3652325026707446
15	51	0.47933478985244715
15	52	0.4464638961672487
15	53	0.3490734319433103
15	54	0.5740421520881779
15	55	0.5193357569154924
15	56	0.5289375930300217
15	57	0.4237004943062832
15	58	0.46630094937305855
15	59	0.47717240715150877
15	60	0.5154809244756868
15	61	0.28922305974941
15	62	0.4335599560511175
15	63	0.5262417058114717
15	64	0.4825531641054531
15	65	0.5074169651950444
15	66	0.5395832070843647
15	67	0.49210028772846415
15	68	0.44617754146237865
15	69	0.5505974197514081
15	70	0.44017430313634087
15	71	0.5262513057404323
15	72	0.5742852302489241
15	73	0.4986954349672862
15	74	0.4562778727801331
15	75	0.41958006789022284
15	76	0.4635213163602351
15	77	0.45431019004924555
15	78	0.5090681519855501
15	79	0.4764120745507341
15	80	0.5056025797101282
15	81	0.3991970309545183
15	82	0.48028758223010815
15	83	0.47505128462057933
15	84	0.39736344562320103
15	85	0.4446147098512271
15	86	0.4519870086346969
15	87	0.4520230083466992
15	88	0.5089107148768447
15	89	0.4534874441929946
15	90	0.5758980173466273
16	1	0.43594444808286337
16	2	0.4058858344462625
16	3	0.4576518634369976
16	4	0.4726306206286002
16	5	0.42083131381670846
16	6	0.39547188626079754
16	7	0.38189718778324033
16	8	0.38149718565588053
16	9	0.47143108639340814
16	10	0.45476993136487043
16	11	0.540364200680416
16	12	0.48240022496623214
16	13	0.5805327516354074
16	14	0.453912688863382
16	15	0.5565287910739609
16	17	0.52818978377919
16	18	0.4769955935657687
16	19	0.45707271708759933
16	20	0.5065119311885721
16	21	0.5132066856642464
16	22	0.5016896404626825
16	23	0.5094691922294629
16	24	0.36245789664327066
16	25	0.3642472926052144
16	26	0.4509355091082021
16	27	0.40721866578347055
16	28	0.44253240723751786
16	29	0.45905915567622013
16	30	0.49371641819805123
16	31	0.4726589613887423
16	32	0.47785132608066616
16	33	0.5042835463415873
16	34	0.420916169276944
16	35	0.429460888280933
16	36	0.5207143225096571
16	37	0.49070970853825835
16	38	0.3530699619046628
16	39	0.41986694776336253
16	40	0.37196884608145386
16	41	0.3935319110405854
16	42	0.47675259507235934
16	43	0.45069071077283074
16	44	0.36146727924043476
16	45	0.2825298542665339
16	46	0.38237037535106233
16	47	0.45605827427340273
16	48	0.32993553190796
16	49	0.3316182949049943
16	50	0.3307263265305572
16	51	0.4161177458689671
16	52	0.426070909298802
16	53	0.3217551875342959
16	54	0.4475153763431102
16	55	0.48937051684124666
16	56	0.45213910092377874
16	57	0.43777967484131286
16	58	0.35582694481136923
16	59	0.5190638458355614
16	60	0.5132547024484725
16	61	0.3046760619468337
16	62	0.3516313843761789
16	63	0.46402307399538767
16	64	0.4448827502669579
16	65	0.43440922148694605
16	66	0.5190079330892713
16	67	0.442755164734538
16	68	0.4534179872667632
16	69	0.49185643084596375
16	70	0.4226337015604732
16	71	0.49227089885887865
16	72	0.5292997762312421
16	73	0.49425401454239637
16	74	0.4890139879291595
16	75	0.4403551810544253
16	76	0.39029752144647467
16	77	0.4373852012502858
16	78	0.5280709845870244
16	79	0.4652242665479941
16	80	0.44367435848402115
16	81	0.3630577066771955
16	82	0.5179142536527875
16	83	0.45622192236252646
16	84	0.43043364852083943
16	85	0.4790349809215675
16	86	0.39760067178505754
16	87	0.45190630250680774
16	88	0.48188182786925593
16	89	0.5036912280528397
16	90	0.5600435671734858
17	1	0.25456251623742565
17	2	0.21406521591744077
17	3	0.2531317994763701
17	4	0.2532413260142331
17	5	0.19769944293522246
17	6	0.1561965749581663
17	7	0.2070971672087515
17	8	0.1604640125663358
17	9	0.23896655049696813
17	10	0.21611120077715318
17	11	0.38104518026573464
17	12	0.3421634487581342
17	13	0.4478786856978064
17	14	0.34473186667583255
17	15	0.4467958501639647
17	16	0.52818978377919
17	18	0.31157289436063784
17	19	0.33088675143809887
17	20	0.3274760047227282
17	21	0.3361327354688822
17	22	0.3253715922502759
17	23	0.30393255089917803
17	24	0.22947821501764254
17	25	0.18769781103623207
17	26	0.2685300762901556
17	27	0.28387659090438044
17	28	0.2908694475661404
17	29	0.27686229280594776
17	30	0.31908807182619137
17	31	0.29602185635591505
17	32	0.27344523696887013
17	33	0.29509066380545546
17	34	0.22266226136612244
17	35	0.2714931909504359
17	36	0.32207161667009465
17	37	0.27335677715989826
17	38	0.13802297862998303
17	39	0.20411608954097404
17	40	0.16526610240194672
17	41	0.20930245116189905
17	42	0.273900373137288
17	43	0.23460874766078466
17	44	0.21638481995486347
17	45	0.191193094986006
17	46	0.15797256075027988
17	47	0.2282895982139802
17	48	0.17449162859773715
17	49	0.15533045055469386
17	50	0.12507602392257455
17	51	0.2272480065467135
17	52	0.2556401082632448
17	53	0.19642265314954066
17	54	0.380651583178353
17	55	0.324246000579654
17	56	0.4150297042931316
17	57	0.33066632693855436
17	58	0.34008948333788447
17	59	0.41673609064204087
17	60	0.36270368836117983
17	61	0.28850306507737045
17	62	0.3407214987587759
17	63	0.31252808729221027
17	64	0.47995158491808665
17	65	0.34375987445177025
17	66	0.49021917237821266
17	67	0.3402415025987452
17	68	0.28863181277322036
17	69	0.3751204235673774
17	70	0.40621697479496766
17	71	0.3835795615113139
17	72	0.4265064124794662
17	73	0.526036016242636
17	74	0.332342715539113
17	75	0.29819143899925393
17	76	0.3767932101850845
17	77	0.5183200779701422
17	78	0.5165320922740277
17	79	0.35448457681419543
17	80	0.35642457313418097
17	81	0.4002962221609887
17	82	0.5159968965555936
17	83	0.44786068583100547
17	84	0.43077597832293935
17	85	0.49244035594145463
17	86	0.2806931789853341
17	87	0.3232928381880604
17	88	0.3782256035355077
17	89	0.3007861741823652
17	90	0.39218908701806976
18	1	0.5044575451578219
18	2	0.47368255442775886
18	3	0.5323436606570069
18	4	0.5466432582949725
18	5	0.5277860943829966
18	6	0.5232813277182691
18	7	0.5680096292787636
18	8	0.4286888603848783
18	9	0.5448797726838706
18	10	0.5613119585478108
18	11	0.5088951149823471
18	12	0.5809863488231048
18	13	0.5084247181810454
18	14	0.48033604551334963
18	15	0.4776924650758444
18	16	0.4769955935657687
18	17	0.31157289436063784
18	19	0.49387721710405263
18	20	0.5642238247437985
18	21	0.5671398031655587
18	22	0.5435448793639492
18	23	0.5716246884212478
18	24	0.5246250982628482
18	25	0.5247038074832381
18	26	0.6065055118593214
18	27	0.5395607048681438
18	28	0.5159306671405923
18	29	0.5809263491951026
18	30	0.581670495638437
18	31	0.5651910175865716
18	32	0.5899420344290515
18	33	0.5796377106810453
18	34	0.5220691141099495
18	35	0.522540222195618
18	36	0.5891613691718186
18	37	0.5735278754795757
18	38	0.5236976143253516
18	39	0.5407368984582195
18	40	0.539699606223011
18	41	0.5425404861938228
18	42	0.5604071647004091
18	43	0.5054854594076914
18	44	0.3286698312003866
18	45	0.25678489979178776
18	46	0.5562114840351182
18	47	0.5234277266349171
18	48	0.47303769952110875
18	49	0.41468855558695095
18	50	0.5071690469491439
18	51	0.5124826076287958
18	52	0.4370954032203871
18	53	0.32707797962300966
18	54	0.29227018803185034
18	55	0.5451570684010638
18	56	0.2635396498066389
18	57	0.379256799546274
18	58	0.3430802425234798
18	59	0.33479992248063395
18	60	0.5126854215323192
18	61	0.2734447160450598
18	62	0.1869454166039508
18	63	0.4190385260071521
18	64	0.20181090659932754
18	65	0.4317100053460382
18	66	0.31669722192801986
18	67	0.503221076164127
18	68	0.5146699599847038
18	69	0.37908679475778706
18	70	0.25731409587573684
18	71	0.45691866842218365
18	72	0.4038474115292273
18	73	0.260665671074081
18	74	0.5585866877009998
18	75	0.5091394323682922
18	76	0.23387106935412882
18	77	0.1686419520495852
18	78	0.4052706009976256
18	79	0.4909300371448764
18	80	0.39420548287949764
18	81	0.16004881563879303
18	82	0.2618440623539857
18	83	0.273838313368598
18	84	0.13652058974766046
18	85	0.2593484118999281
18	86	0.2793927324938298
18	87	0.5811460995189682
18	88	0.47761538972303275
18	89	0.5614019579358149
18	90	0.47441648931806446
19	1	0.36492609397168996
19	2	0.3241803710426058
19	3	0.4097117681329896
19	4	0.4011946473455269
19	5	0.4329903958711485
19	6	0.3982290531050787
19	7	0.3851607629417021
19	8	0.2703175373098752
19	9	0.4051358390962335
19	10	0.4190925256399546
19	11	0.42119371135189176
19	12	0.46921424181014815
19	13	0.44200156985845396
19	14	0.40116543137588
19	15	0.4020642247248094
19	16	0.45707271708759933
19	17	0.33088675143809887
19	18	0.49387721710405263
